1000
684
543
955
937
351
273
486
172
194
759
102
257
721
179
26
229
225
617
363
762
67
145
484
269
727
237
162
172
872
410
465
738
52
624
821
919
404
287
939
461
445
662
592
309
24
650
238
842
723
524
873
126
623
536
808
520
578
909
672
859
377
194
762
266
566
298
239
51
500
720
815
509
607
866
953
972
269
424
5
840
296
193
712
779
215
541
178
765
830
98
520
750
896
648
709
758
625
792
407
414
294
85
76
394
622
967
501
257
309
848
213
213
85
89
80
629
387
392
1000
496
352
146
616
55
790
710
945
781
462
489
60
748
665
702
506
320
78
118
749
904
107
992
507
664
2
649
21
707
240
410
765
969
679
459
682
350
343
570
656
747
282
174
298
781
615
957
388
869
160
456
324
310
376
58
361
191
766
798
332
281
206
995
775
176
860
226
883
701
968
757
276
312
991
532
798
783
277
32
908
730
449
936
818
128
779
742
21
190
445
864
674
461
866
375
798
932
263
139
46
930
390
149
843
742
734
831
213
462
553
258
538
137
553
305
305
253
206
178
70
201
37
757
558
606
282
743
635
582
320
143
278
371
765
665
785
36
836
730
812
9
139
763
614
481
112
313
480
226
21
194
656
843
801
558
967
593
741
86
749
907
836
382
136
959
144
732
725
781
459
46
126
403
783
664
307
437
619
615
994
526
266
153
677
661
449
143
409
517
650
137
518
390
434
699
305
950
147
803
595
952
417
371
146
316
375
800
140
443
851
262
600
619
320
441
361
957
234
878
911
548
671
177
375
726
287
272
897
174
524
995
76
297
978
657
444
117
693
424
545
210
385
167
975
767
946
323
181
522
919
775
267
916
402
601
737
63
443
547
360
752
623
192
209
251
125
415
739
737
995
118
497
295
88
667
829
541
641
261
266
990
740
421
300
514
132
491
389
146
281
665
970
936
530
103
313
468
563
913
594
669
575
237
607
147
132
839
55
336
775
601
825
988
434
305
272
695
295
169
242
663
92
270
192
421
418
520
611
780
682
884
651
335
659
456
480
646
538
236
335
669
666
800
410
296
804
355
385
757
775
906
122
116
716
706
678
264
9
372
389
483
857
565
39
178
447
115
721
778
643
100
850
487
970
721
843
80
391
107
780
923
291
476
976
225
27
862
397
147
306
330
13
481
157
30
948
46
281
763
299
652
719
377
643
270
116
659
253
614
980
219
125
461
366
110
198
649
154
638
182
754
471
803
531
160
653
474
694
213
748
851
875
403
852
193
64
940
971
350
678
83
365
402
282
936
921
150
700
801
191
573
851
983
898
673
834
84
427
39
25
27
95
341
792
929
602
534
276
164
223
84
517
276
385
132
147
382
499
928
137
205
501
271
640
924
180
614
955
850
838
842
66
330
808
857
252
322
948
99
633
161
246
758
602
456
268
517
793
636
960
838
782
56
82
231
41
953
317
325
317
141
199
638
501
93
786
455
288
804
674
649
462
289
396
317
98
675
512
366
733
696
450
216
922
779
715
574
912
931
66
493
997
266
98
210
878
496
715
323
483
291
927
864
644
29
113
444
526
815
378
224
551
435
447
355
694
611
749
123
711
902
693
442
746
911
86
506
208
710
320
949
856
563
556
289
749
835
823
510
785
95
12
922
137
579
689
512
846
559
803
887
205
884
263
625
534
17
983
344
6
577
316
900
453
87
45
499
667
416
776
382
318
595
774
356
343
648
258
194
966
945
979
615
866
202
773
175
57
783
547
757
768
666
529
462
701
192
850
34
165
788
394
596
938
88
895
151
234
741
130
873
217
313
954
793
914
848
573
411
106
218
36
23
929
270
527
534
683
943
197
622
1000
564
622
240
970
166
730
912
438
126
159
327
601
285
347
502
18
160
186
368
213
354
417
641
353
276
434
83
992
880
357
861
637
85
334
794
550
896
662
239
793
748
366
100
947
309
493
120
435
167
32
589
435
154
103
575
971
522
805
387
58
575
498
378
872
255
341
956
181
741
835
120
345
406
295
772
210
698
861
234
533
412
650
746
241
953
8
252
723
10
580
419
186
976
7
344
837
792
213
985
681
820
988
869
548
175
845
811
333
719
772
105
271
501
92
505
971
977
524
645
798
4
150
660
611
686
926
495
501
129
643
169
994
99
521
331
948
660
969
674
259
676
974
351
331
499
502
421
976
736
216
488
692
709
164
713
568
864
51
851
452
268
774
349
55
459
511
339
17
980
56
44
909
13
645
677
735
763
850
609
581
3
456
603
573
431
980
221
926
250
792
223
441
366
251
825
723
548
99
285
728
999
527
203
238
893
785
562
794
415
273
895
332
913
675
338
852
82
66
499
795
734
352
86
199
157
815
257
453
854
555
967
362
472
466
416
823
965
367
710
846
692
616
500
351
426
369
938
973
602
883
54
623
3
695
189
273
622
328
74
104
771
375
326
851
608
130
712
81
208
971
959
638
455
869
811
637
45
477
513
156
407
634
806
705
188
778
18
666
996
790
891
856
14
401
176
359
669
961
698
653
943
99
766
377
672
319
522
476
818
888
116
114
493
551
105
64
338
883
857
521
422
302
478
488
254
560
967
328
25
591
8
262
577
973
801
988
326
792
428
204
746
10
350
445
793
84
511
609
415
168
812
94
163
658
390
885
230
265
148
618
300
95
802
971
752
78
244
541
213
815
367
472
667
570
683
8
507
662
367
960
119
908
882
869
664
366
771
426
168
303
359
957
289
554
620
470
17
60
864
161
52
571
954
781
150
294
324
269
934
724
964
940
952
56
894
269
174
162
87
551
784
455
39
174
535
10
314
290
696
822
770
675
527
990
869
628
396
27
54
751
309
525
319
849
884
438
986
58
472
576
963
6
692
439
622
361
456
8
88
375
525
12
276
337
523
454
876
520
624
185
200
888
499
982
589
323
492
773
504
961
574
445
191
114
374
831
162
680
485
215
548
249
107
966
213
669
220
352
617
986
505
489
797
935
214
147
178
718
326
747
274
399
50
542
935
904
212
554
187
990
33
934
706
764
19
4
33
774
770
171
513
299
921
306
720
466
820
852
761
132
279
234
527
201
716
910
606
16
222
634
353
735
841
511
180
410
520
881
627
137
777
253
634
1000
110
238
205
870
25
305
783
952
827
957
364
652
316
518
897
112
569
459
842
309
178
543
913
943
130
606
494
727
1
819
349
837
389
641
889
388
260
166
345
248
752
2
11
221
712
295
354
871
422
981
192
391
535
683
792
380
79
658
670
537
726
377
183
623
180
660
4
965
837
50
253
345
737
427
995
484
292
925
122
803
845
258
516
497
448
67
423
272
881
385
97
239
328
557
96
879
133
718
41
471
312
732
46
415
425
576
502
706
187
799
808
548
11
228
293
161
321
939
368
77
629
682
871
682
161
829
197
440
319
293
110
907
337
801
637
234
579
340
616
974
319
748
745
935
945
28
424
92
53
829
958
547
517
472
632
723
320
677
718
587
107
342
462
294
39
824
987
502
642
85
675
137
352
798
108
836
106
557
945
918
25
569
159
387
627
368
385
622
165
96
825
206
880
518
147
667
429
589
770
762
346
849
317
101
28
468
625
978
497
233
760
656
544
559
115
671
648
322
33
887
845
425
783
950
58
652
961
743
562
578
404
834
390
756
375
429
985
38
842
381
193
202
163
282
380
699
961
68
664
626
709
599
567
345
928
714
314
329
390
830
527
167
800
923
179
14
189
93
951
879
346
923
291
914
504
661
209
458
224
764
819
941
917
335
367
441
13
210
476
514
868
255
938
720
69
685
298
727
171
554
531
595
649
781
160
796
839
904
122
891
326
324
461
759
142
889
345
660
963
516
264
366
707
596
20
790
313
228
511
762
597
312
105
248
50
295
423
840
371
276
2
785
192
629
308
379
71
237
414
507
572
831
911
931
356
424
151
844
363
434
107
547
138
322
517
772
273
908
510
196
255
509
260
154
113
214
224
688
648
546
860
945
881
797
973
367
298
325
846
570
631
30
287
894
343
865
146
762
390
987
68
846
767
621
908
804
715
758
178
180
7
706
651
450
294
820
972
617
45
270
76
993
26
431
103
729
617
503
570
235
694
931
459
903
829
479
825
723
525
686
941
532
915
584
698
747
27
999
1
659
518
650
714
587
459
864
399
345
493
683
222
761
650
855
493
469
935
686
749
192
32
23
702
365
80
61
318
914
202
906
328
124
760
721
498
216
711
32
318
952
132
940
123
803
114
948
729
289
767
408
690
914
738
502
381
517
226
697
921
96
941
495
26
178
36
701
776
105
605
691
141
857
435
611
983
897
262
189
38
211
283
305
878
801
855
996
829
438
667
395
226
560
429
779
192
833
847
976
855
308
912
803
860
68
779
765
260
984
830
600
169
180
818
845
802
389
304
453
170
903
615
810
221
666
761
202
699
874
843
461
252
949
303
871
27
763
639
607
134
45
248
68
777
490
890
541
497
342
628
815
584
656
77
429
127
115
607
45
569
457
916
222
34
552
385
256
303
316
56
804
477
994
262
996
890
736
109
456
961
691
760
670
62
648
768
566
274
714
732
169
746
573
388
605
59
928
991
126
910
950
186
824
428
631
967
139
501
432
962
792
413
870
100
59
570
730
46
985
429
86
869
678
485
283
563
403
254
338
515
926
444
929
574
883
760
807
696
902
165
517
454
161
406
8
711
831
226
728
514
225
231
928
501
985
780
185
638
953
731
617
151
337
518
595
796
87
866
28
419
553
732
3
113
22
778
909
111
750
325
666
186
936
880
654
795
779
637
930
363
564
712
129
280
639
656
491
412
255
529
642
610
473
592
390
439
370
182
893
244
611
625
282
481
95
115
266
53
72
43
658
589
908
969
448
774
852
748
195
761
837
761
519
813
280
743
657
241
150
802
767
238
422
577
211
228
674
562
845
529
844
837
314
250
99
409
588
617
62
270
321
535
312
422
247
811
190
981
129
680
574
446
727
19
965
452
251
84
874
694
935
463
801
904
533
216
158
938
564
47
367
561
190
444
504
174
351
117
845
921
24
641
517
82
487
352
291
580
720
272
42
638
853
670
672
306
566
847
99
957
138
516
974
463
990
979
862
136
737
283
53
401
135
922
720
449
556
709
418
806
670
801
404
983
672
818
800
369
489
420
506
862
244
429
452
742
178
147
691
839
280
849
53
562
474
499
437
630
156
12
410
848
38
5
559
950
804
374
53
328
157
392
792
475
343
441
221
509
158
191
153
284
899
768
206
892
319
583
893
705
951
17
537
447
432
54
813
750
48
391
70
497
812
271
316
567
520
845
698
336
952
206
243
202
470
753
681
68
878
976
255
629
254
349
551
419
807
610
551
857
733
142
518
683
670
773
552
339
813
287
422
905
884
632
316
720
196
474
735
159
273
338
424
755
506
283
102
510
122
718
623
811
688
252
431
611
376
653
549
422
433
938
274
370
863
214
443
273
408
701
397
288
787
956
290
152
963
76
606
653
652
37
378
292
286
431
76
616
199
164
632
525
992
772
941
906
153
198
79
823
433
625
711
574
503
119
924
189
649
269
191
87
360
47
673
624
958
900
847
160
262
539
436
505
661
511
822
63
844
769
817
137
442
23
646
698
706
663
779
172
485
219
142
176
605
538
779
738
864
526
584
154
499
380
968
512
48
106
399
565
895
961
386
790
31
246
576
866
258
28
284
930
180
350
391
501
601
606
892
731
741
879
117
157
29
612
453
293
373
358
174
418
599
171
577
896
232
465
677
237
831
620
235
88
599
290
567
702
808
173
579
177
473
427
676
749
692
506
335
449
709
802
946
272
200
900
128
734
445
937
122
980
511
89
100
302
870
292
476
133
896
924
174
723
7
121
720
773
139
46
478
304
551
692
175
385
529
383
362
17
348
841
607
603
492
795
459
202
793
291
45
703
650
230
629
102
189
836
252
226
811
568
851
718
828
720
276
547
981
748
208
722
787
309
994
837
297
266
155
5
166
563
138
558
910
101
468
292
980
951
451
474
669
740
876
540
498
512
956
557
411
461
229
159
829
759
441
20
883
864
2
8
564
324
980
93
511
92
903
662
397
127
976
133
448
20
325
310
459
685
515
910
634
23
89
375
732
101
184
74
71
550
462
948
797
189
838
933
823
51
98
476
77
585
585
964
76
269
730
439
270
504
456
779
931
126
690
604
802
915
675
50
253
237
992
528
653
332
178
832
748
492
4
463
956
52
776
766
531
919
462
369
36
729
553
62
490
960
264
651
953
59
872
982
620
417
794
19
952
923
409
8
728
2
939
577
785
723
586
282
965
567
950
162
447
344
259
305
263
11
701
323
621
421
443
290
182
847
412
420
198
884
688
231
515
228
717
485
248
731
556
754
175
33
672
212
231
449
961
163
461
938
574
4
995
80
357
262
924
66
439
646
93
57
327
548
12
588
810
413
644
110
800
225
489
628
401
316
970
677
115
649
648
446
178
524
690
302
153
840
146
549
276
325
211
276
143
432
105
403
983
232
802
945
364
174
383
140
213
773
392
450
168
515
131
349
12
852
388
773
288
235
421
515
73
844
480
789
30
172
611
332
681
6
766
662
778
462
47
284
952
977
377
696
295
85
773
875
808
331
482
997
95
85
619
315
33
940
815
999
776
8
848
655
241
322
887
712
747
514
650
842
537
808
474
51
787
750
157
685
481
564
660
445
197
547
21
587
26
855
365
373
781
924
678
527
751
959
767
321
309
534
55
987
406
217
307
687
542
978
287
899
493
115
878
73
608
166
439
61
951
614
185
594
720
862
796
63
578
134
221
620
809
587
371
908
144
175
699
726
796
238
329
846
39
326
718
464
15
506
620
142
434
905
972
959
552
418
411
874
804
92
676
78
746
149
434
863
918
644
87
707
480
246
454
590
503
557
352
436
71
248
441
116
84
432
425
25
443
55
405
491
939
976
364
675
560
963
766
142
59
507
516
674
24
828
679
987
624
524
77
716
637
951
215
25
726
724
965
67
340
630
504
469
952
587
422
633
497
72
693
100
655
221
582
198
903
839
448
287
406
946
427
354
46
757
948
653
673
385
573
581
369
325
337
386
651
869
449
138
188
432
229
676
926
522
497
404
685
361
971
55
625
154
547
380
243
183
624
673
102
353
185
101
997
187
533
349
888
755
293
12
288
309
489
659
845
877
941
15
830
416
431
277
665
898
449
658
905
952
53
104
435
501
498
41
272
996
789
666
711
559
847
802
406
33
28
223
960
519
135
85
860
939
999
260
612
229
808
120
545
852
271
965
306
758
242
872
979
181
67
834
629
672
397
701
101
58
168
378
559
667
812
121
969
923
52
257
432
801
348
83
574
381
778
772
969
139
285
860
446
941
769
233
273
43
438
587
914
317
547
539
127
513
739
98
632
844
102
297
107
877
420
767
280
190
136
379
871
624
901
605
357
492
350
232
394
170
538
116
398
17
487
265
308
259
580
871
325
582
830
837
536
65
281
730
279
935
960
726
547
51
327
525
339
834
357
118
809
278
652
946
408
210
31
451
608
823
758
775
353
234
304
651
257
764
548
652
304
965
57
724
205
683
231
389
800
184
7
9
259
940
206
719
679
695
460
42
939
900
344
680
747
202
641
196
102
75
133
410
265
767
169
924
136
619
451
414
668
596
749
903
375
211
741
109
25
848
808
85
854
732
523
391
266
603
396
867
593
774
978
336
146
474
281
767
278
436
923
686
347
204
982
366
526
243
573
382
410
609
982
284
740
499
230
394
50
708
469
366
478
108
17
229
36
101
637
930
962
428
430
831
832
204
539
784
982
450
257
820
693
525
814
145
627
255
662
322
144
896
306
84
820
610
930
617
382
715
367
870
195
984
28
891
807
996
872
939
748
59
779
768
1000
506
912
861
528
789
814
999
332
493
847
598
169
153
901
150
613
714
331
16
896
354
538
453
542
730
855
635
849
651
81
116
257
164
843
881
944
552
76
315
28
860
941
160
586
866
163
555
555
579
703
392
861
471
474
14
870
878
774
864
628
218
417
27
585
86
423
432
677
776
311
176
603
186
177
206
392
23
372
987
94
316
713
139
135
29
86
804
906
143
967
299
666
166
388
396
803
355
701
759
477
463
338
271
138
442
557
235
357
275
880
41
150
22
150
865
951
555
500
681
893
297
77
402
101
412
790
295
241
23
819
666
712
327
976
393
254
280
126
341
53
826
976
110
872
696
729
648
4
110
194
110
92
400
330
169
239
882
632
449
249
632
371
974
490
214
768
276
559
322
728
806
124
986
549
186
856
287
208
437
70
227
756
178
405
450
14
725
545
974
358
311
241
830
412
753
645
355
444
995
19
457
806
156
712
204
175
873
551
491
943
256
244
20
36
699
70
588
150
424
61
935
376
389
8
662
149
711
97
830
930
145
655
788
266
177
480
866
799
843
551
300
747
494
864
777
806
481
319
882
616
703
685
18
117
626
232
474
624
234
919
832
504
413
866
888
769
505
781
558
978
995
579
605
988
791
300
191
616
863
473
856
818
899
459
244
261
938
439
107
23
1000
168
95
596
448
873
692
676
246
536
58
174
946
908
361
585
430
760
462
511
602
984
887
37
331
805
656
961
698
203
827
635
946
326
993
249
126
692
557
602
774
857
568
876
379
588
688
654
819
613
496
36
312
258
159
998
224
577
950
686
576
439
118
452
175
712
273
239
273
605
15
182
829
712
357
522
36
251
303
322
112
574
765
697
897
821
974
1
724
139
308
502
983
671
834
543
62
216
520
562
570
385
548
537
614
744
835
251
311
636
143
664
938
908
73
89
572
926
93
760
561
222
404
331
983
377
413
307
74
182
440
771
951
104
346
693
226
719
378
511
367
99
585
478
853
172
123
879
37
771
953
428
496
336
32
354
450
321
253
289
77
237
5
345
490
560
381
442
848
138
699
378
128
960
921
724
597
916
920
737
741
902
261
690
965
52
370
303
161
250
487
827
845
233
719
964
622
103
268
272
210
331
910
342
455
952
594
211
208
700
682
197
341
548
686
258
255
44
499
104
983
351
798
133
361
782
515
858
226
448
998
918
732
685
689
921
249
822
448
98
31
635
138
312
56
488
734
859
35
124
103
730
203
366
785
646
129
885
823
909
262
699
180
406
856
254
95
940
307
806
213
730
318
481
760
381
330
58
257
980
602
753
899
957
956
942
12
10
693
504
936
604
681
91
181
33
492
700
656
365
865
859
695
244
26
21
838
980
539
884
699
536
378
651
234
817
443
309
290
74
147
854
446
360
94
642
844
507
35
777
563
816
219
14
256
238
824
421
235
498
201
327
891
500
960
718
929
942
482
66
198
935
44
536
132
180
244
574
264
506
932
233
397
127
356
238
29
598
867
764
392
423
770
303
90
834
616
37
629
19
439
848
768
377
362
781
657
510
956
524
356
18
307
368
372
366
458
10
14
315
883
706
705
229
847
50
706
650
202
854
466
484
547
279
350
863
903
122
413
481
13
737
535
575
720
932
901
418
455
950
77
20
478
207
345
306
72
187
338
631
822
699
641
811
190
362
718
889
698
326
31
755
564
882
766
110
909
731
646
960
495
844
369
634
838
926
332
634
61
685
259
629
505
184
544
886
90
608
810
599
273
197
548
992
507
605
641
787
607
26
14
268
882
835
348
490
160
706
690
865
112
633
886
408
298
10
528
606
454
496
849
969
681
32
863
638
695
21
50
442
592
791
959
414
170
723
353
783
325
378
368
78
420
74
753
921
446
477
764
262
937
134
607
531
11
793
72
969
525
732
133
152
187
206
860
249
939
598
812
987
645
101
991
655
863
689
958
811
569
840
912
35
164
231
576
883
674
356
603
689
329
261
432
784
254
185
169
662
107
370
451
979
290
320
602
166
113
844
938
836
636
120
506
640
102
692
442
722
940
689
540
151
671
354
464
155
252
217
546
581
504
672
760
914
944
45
676
93
18
308
999
671
725
453
992
48
525
846
719
138
474
907
948
818
201
592
496
66
967
192
748
797
1000
158
504
295
587
128
749
982
593
589
588
944
466
883
780
211
158
992
835
912
933
683
633
833
458
597
211
660
722
365
993
259
945
345
575
704
133
772
495
999
396
697
981
276
513
146
524
368
4
792
622
835
972
519
132
652
161
491
546
408
400
615
572
505
766
677
898
669
698
96
85
353
245
908
583
230
300
671
865
505
619
608
257
694
401
840
224
996
512
465
961
883
122
629
179
600
668
190
175
137
593
73
512
405
244
884
107
65
335
197
537
545
1
795
398
741
528
504
137
528
483
894
275
409
551
925
418
870
951
697
73
530
588
586
923
116
638
556
366
720
729
66
454
513
631
606
150
435
498
259
336
513
948
609
316
107
417
307
102
961
716
633
558
238
74
240
221
340
574
400
62
893
106
868
157
766
11
878
987
849
746
110
178
428
522
179
528
247
442
523
200
919
384
736
243
868
446
483
483
820
486
472
69
804
181
186
868
673
622
338
589
91
241
297
749
379
878
370
429
161
80
368
398
521
665
76
514
178
594
419
825
532
701
495
347
148
812
349
442
136
47
569
286
438
136
587
262
666
481
518
31
452
530
917
322
69
421
853
707
46
287
924
551
931
679
388
837
255
364
641
136
699
453
105
529
767
626
503
212
131
246
761
657
539
343
687
650
932
658
890
243
610
418
49
586
394
853
713
915
749
924
316
354
39
347
659
443
229
896
915
887
748
584
945
168
474
731
156
417
758
465
247
54
37
333
547
775
58
570
271
567
753
919
292
894
922
874
216
612
615
15
497
259
190
855
415
281
25
389
736
824
180
54
373
422
795
588
582
415
1
550
901
185
115
584
391
400
872
720
619
956
953
850
86
620
255
854
525
382
576
365
932
513
636
915
497
297
578
518
926
646
637
209
162
821
695
978
323
582
717
923
813
366
958
80
264
395
591
8
703
5
127
253
506
779
623
462
290
707
890
873
771
622
556
894
91
847
753
341
967
551
271
462
123
161
473
665
26
187
844
750
219
39
423
934
697
978
390
354
372
632
752
593
450
598
894
277
716
328
554
869
399
500
283
31
129
504
997
375
306
891
368
13
921
959
915
973
256
677
46
894
779
196
964
337
264
693
478
888
486
97
417
84
321
285
862
252
764
802
734
364
530
161
203
297
884
280
181
814
337
17
99
714
757
463
777
168
357
718
667
575
922
333
219
821
963
553
298
941
262
280
362
674
201
128
215
909
677
604
103
256
796
717
303
531
331
521
989
271
130
471
226
479
129
981
490
381
162
218
884
740
38
751
700
367
63
508
446
560
195
381
218
92
936
702
374
573
690
111
954
906
409
290
333
270
712
163
77
307
286
932
36
203
53
596
754
128
919
168
14
692
837
58
436
181
494
928
858
99
35
569
242
10
399
246
378
143
380
263
236
167
703
938
112
342
51
398
683
678
555
590
644
708
194
195
604
640
630
709
953
670
672
583
866
709
550
364
275
982
551
751
663
607
488
767
51
192
846
244
21
242
660
192
378
87
234
54
216
754
748
467
377
132
588
762
118
916
33
803
154
251
374
689
182
334
838
169
391
744
498
456
634
870
809
415
29
666
149
113
666
795
668
481
131
884
391
559
375
446
651
268
276
422
916
75
218
790
826
167
515
948
776
594
704
662
750
18
62
344
731
37
494
915
334
404
635
855
279
573
162
435
658
248
908
92
409
313
792
930
65
687
738
784
588
723
784
331
477
107
583
467
307
439
912
967
873
908
866
220
479
935
870
162
195
365
905
190
312
569
121
674
466
382
459
230
383
71
392
921
182
396
979
636
728
985
902
722
843
62
421
845
573
539
780
73
697
270
395
975
7
239
371
33
21
987
585
793
801
64
77
979
830
518
175
356
622
139
452
623
374
726
573
899
680
124
294
497
144
548
181
969
365
570
370
630
96
97
324
700
556
117
217
99
771
657
381
424
846
560
955
232
359
194
563
275
493
222
85
297
298
350
965
46
674
923
848
210
58
603
336
312
36
717
156
767
462
485
828
880
501
851
88
257
210
722
726
143
36
731
666
31
436
104
561
323
844
44
758
626
756
143
109
134
657
59
145
434
67
838
425
102
4
734
813
867
371
424
900
148
690
568
834
480
730
43
426
867
341
734
600
189
732
510
134
241
584
466
260
895
332
152
802
831
222
780
439
902
836
523
639
907
608
941
392
518
644
6
398
301
359
289
729
24
316
211
619
129
712
602
977
76
809
622
141
804
503
343
192
130
756
584
228
605
963
445
997
209
661
792
939
725
255
640
83
258
875
658
16
455
294
263
729
458
349
803
860
393
543
310
933
223
949
450
555
129
89
780
585
439
113
159
15
986
637
194
926
741
599
534
138
368
784
973
287
612
177
191
63
341
891
210
558
793
40
124
287
480
770
982
686
827
651
825
868
57
601
931
508
884
317
101
315
500
711
111
852
420
845
723
509
862
136
741
943
921
978
96
256
330
735
153
871
660
697
877
158
345
358
891
890
44
371
584
928
557
494
61
123
415
130
843
216
992
922
780
784
597
371
639
268
363
313
260
623
864
874
922
83
949
428
778
384
536
141
587
276
498
853
97
169
117
114
41
274
769
873
18
750
632
657
553
127
274
612
788
570
689
492
942
638
193
168
98
445
628
471
261
205
877
131
739
227
807
465
779
963
998
833
6
6
968
701
204
183
979
597
702
25
418
201
584
371
479
446
365
143
570
927
812
13
862
485
367
941
104
76
307
594
148
544
889
668
445
910
62
279
78
948
690
476
425
962
157
305
284
309
553
640
275
2
730
645
131
532
81
827
33
439
23
630
331
640
337
289
271
139
725
275
844
416
355
326
398
889
41
253
919
848
948
566
931
719
127
579
18
498
677
236
51
639
156
532
243
409
837
499
652
126
398
347
587
387
872
273
69
902
845
888
950
813
296
145
94
79
877
884
913
712
223
636
968
463
991
927
598
571
362
430
481
460
554
700
381
884
442
82
100
368
666
205
586
827
392
443
70
624
345
689
688
266
382
880
39
248
288
115
511
243
250
230
931
32
656
206
504
345
773
387
90
934
137
240
752
598
828
691
182
168
593
471
708
748
796
343
876
423
72
876
542
871
83
288
44
24
46
313
761
282
77
38
587
931
985
566
916
691
48
796
550
86
1
653
810
830
141
539
246
794
169
459
102
122
838
351
941
653
629
591
921
633
797
587
381
144
567
76
299
792
994
595
121
709
471
76
411
32
797
39
69
354
618
243
891
493
730
10
548
330
681
766
675
124
344
745
137
415
79
17
886
834
790
670
657
30
650
659
542
217
202
105
221
963
428
474
887
723
13
527
724
727
729
581
947
358
666
105
912
137
956
449
275
411
645
629
319
2
483
124
394
600
727
307
214
49
318
918
544
985
768
515
587
170
346
600
367
670
111
56
224
864
970
992
665
370
436
518
116
24
550
878
928
119
461
804
460
63
639
389
673
707
29
550
989
136
293
833
792
939
927
79
583
919
787
24
762
191
669
548
962
999
98
48
676
114
651
958
740
457
759
430
473
505
762
77
30
332
861
687
641
810
54
6
76
995
76
862
587
51
112
761
453
554
788
228
871
474
193
553
729
372
993
250
95
220
741
624
639
615
823
771
623
854
166
995
320
741
915
360
258
499
220
360
709
5
469
409
611
262
612
233
970
977
188
448
42
451
376
348
88
714
256
149
286
264
22
522
652
436
210
548
657
559
612
266
33
829
388
269
563
547
587
765
747
314
196
847
321
907
692
221
294
733
945
223
953
293
873
541
632
408
393
380
321
427
236
539
581
437
352
609
805
90
16
535
49
408
641
856
56
252
159
374
766
491
253
844
54
303
603
107
556
549
969
147
111
682
615
512
108
330
236
478
918
730
479
563
571
36
823
629
188
826
513
384
999
276
398
937
390
141
2
469
215
185
645
9
816
832
614
328
823
129
572
981
537
476
832
955
710
698
756
94
1
84
563
997
61
789
609
751
643
406
228
739
762
863
499
997
67
451
329
207
387
4
743
709
976
146
115
169
149
254
408
176
173
802
206
343
565
429
487
479
347
771
447
67
954
388
82
26
196
573
754
62
111
800
602
257
62
364
265
470
969
474
125
867
739
348
310
424
875
369
436
526
545
123
328
134
845
566
734
316
236
906
398
201
301
566
506
883
743
499
695
767
14
160
61
323
886
386
919
559
872
764
585
994
267
817
556
861
951
459
600
529
661
156
723
319
494
248
252
921
794
157
657
626
950
699
976
910
946
611
887
433
3
914
490
248
248
723
547
725
720
188
883
629
4
662
49
991
436
670
606
691
297
119
540
585
889
423
389
265
574
746
786
241
129
416
948
145
87
171
215
47
897
470
715
194
867
160
897
367
74
282
562
472
490
640
260
77
357
506
535
201
422
530
147
703
460
533
715
817
927
876
10
563
201
421
363
48
334
224
736
785
586
581
116
597
19
778
568
308
457
971
124
558
332
624
890
700
976
568
307
997
913
986
58
142
920
795
386
161
35
914
662
184
454
213
970
674
564
820
666
347
69
138
146
512
579
133
599
370
973
401
918
191
945
60
256
928
766
309
739
707
292
832
455
383
391
295
235
3
892
653
749
708
578
428
219
735
89
208
381
996
712
439
523
669
63
349
2
865
973
164
482
457
137
137
429
226
704
418
881
430
183
255
293
896
853
922
436
341
618
7
244
811
752
191
779
275
99
380
630
441
684
579
384
953
617
53
676
736
121
35
543
102
592
239
193
609
619
185
191
512
290
99
916
726
822
896
192
883
215
205
55
944
251
132
988
85
98
1000
64
606
678
951
521
897
500
160
253
590
192
66
838
227
599
728
473
626
615
954
3
758
702
113
349
701
418
923
550
642
66
224
231
331
809
976
430
827
483
18
854
130
835
107
574
978
97
55
238
46
317
18
871
135
506
560
417
209
899
540
828
590
414
42
403
972
925
594
900
327
582
570
714
720
173
3
130
346
664
406
327
659
493
755
827
70
395
831
695
822
999
600
533
722
529
407
258
368
20
648
564
415
318
872
849
542
844
437
628
354
64
436
894
959
241
598
691
485
846
936
585
391
711
44
542
464
166
788
7
581
338
450
574
553
907
796
380
203
111
240
605
200
467
178
823
572
927
543
296
72
583
387
790
494
847
76
115
986
679
927
677
778
250
704
373
195
742
407
992
394
481
745
375
973
145
767
721
335
504
334
937
536
915
284
43
867
865
203
562
809
311
145
368
880
735
195
74
627
742
8
820
395
267
120
413
641
549
538
206
123
372
774
767
618
304
459
492
890
523
955
315
263
369
959
190
274
313
751
502
202
435
192
308
923
565
27
848
222
315
630
310
238
312
360
987
828
864
325
644
564
71
465
895
1
455
671
351
291
571
648
239
282
39
137
994
629
361
654
455
338
48
147
305
955
290
626
708
87
330
792
408
223
126
591
946
307
918
924
385
677
661
488
700
659
554
94
971
854
57
997
242
686
912
656
651
816
62
281
406
601
918
149
381
84
965
21
595
260
188
697
158
16
736
523
497
39
742
829
494
987
300
97
730
73
500
523
618
84
588
400
948
254
380
644
394
943
473
588
335
952
679
650
418
670
530
549
535
897
326
500
56
129
406
555
574
442
586
189
108
707
1000
284
326
888
169
491
449
898
979
103
417
184
497
901
370
996
503
41
612
538
747
629
357
647
673
536
471
29
53
334
123
172
555
465
600
388
276
687
865
822
989
522
982
499
713
597
626
613
772
467
619
231
953
228
494
612
508
131
746
871
848
684
173
952
433
844
301
478
169
899
576
823
744
726
176
21
196
479
62
838
317
632
1000
346
266
333
519
487
36
28
590
158
618
671
889
50
98
827
548
716
923
723
714
618
276
595
608
400
728
384
252
329
731
39
760
921
490
993
555
817
281
568
785
886
547
744
977
275
203
680
406
803
336
484
765
384
444
177
362
96
29
36
685
530
521
497
580
360
457
267
569
552
614
87
556
338
579
485
797
524
961
467
706
560
62
280
372
241
558
36
835
574
243
218
196
823
314
479
883
447
799
791
455
113
124
355
932
898
81
28
569
367
903
482
356
486
966
363
696
796
295
976
225
899
634
824
27
585
372
619
389
52
745
946
162
947
458
451
115
10
372
311
185
41
520
316
161
904
152
405
385
446
530
278
67
944
586
557
962
682
832
251
308
730
282
302
158
878
272
940
747
169
974
381
214
5
950
282
343
231
445
646
955
688
57
446
797
335
29
118
598
770
794
366
760
467
324
691
610
516
144
334
258
896
663
386
212
233
226
367
410
918
589
185
638
711
963
337
277
527
413
221
491
613
652
87
51
764
955
652
93
488
285
208
32
455
748
130
295
53
935
687
856
341
672
711
572
814
755
449
232
955
395
60
983
158
24
216
361
644
901
25
774
493
129
415
47
639
310
377
582
129
85
158
535
751
128
276
621
577
139
486
772
496
621
618
545
396
490
606
429
253
960
499
203
940
51
718
751
103
266
95
535
708
664
899
410
308
244
965
887
315
878
220
64
329
866
765
230
967
33
930
66
711
748
942
857
423
187
34
213
719
707
856
40
177
276
541
991
254
609
879
652
523
883
985
222
767
292
514
659
213
455
662
969
39
217
116
588
550
380
939
666
360
409
668
613
124
621
370
405
3
998
399
119
270
897
898
26
823
187
569
607
905
783
579
26
234
856
700
516
811
238
893
691
705
715
378
705
340
167
87
762
121
283
825
828
476
781
601
256
99
167
807
20
85
154
621
94
919
282
100
397
493
449
6
424
343
306
746
425
861
299
827
324
623
979
499
27
80
965
611
111
854
294
672
108
62
174
11
91
717
260
692
912
26
592
141
917
470
640
437
508
902
64
59
426
375
788
959
890
578
347
764
746
651
942
613
523
104
667
324
345
245
23
238
524
619
571
970
25
79
990
527
818
160
606
212
691
847
864
137
485
429
380
606
829
122
590
105
27
72
65
722
203
747
929
789
106
178
168
470
407
612
113
771
879
772
209
219
627
845
548
5
546
620
939
678
333
960
396
145
931
262
477
512
648
324
524
632
121
175
144
962
173
886
205
314
604
425
662
129
180
305
90
382
172
639
603
982
529
663
726
143
773
553
466
563
713
193
195
766
121
127
89
440
124
910
335
707
981
659
917
410
750
906
816
864
691
697
452
373
517
662
687
943
988
614
377
698
609
21
788
230
574
887
121
71
381
201
426
736
656
369
737
266
448
619
419
800
210
177
604
420
128
799
568
707
789
881
535
146
659
290
971
594
849
404
142
483
302
1000
645
727
730
990
140
292
348
689
795
171
858
502
473
549
217
700
102
611
424
395
124
732
863
336
112
220
602
177
276
377
830
153
614
368
97
245
573
287
855
438
245
592
771
20
29
384
718
85
201
606
636
281
443
85
678
191
623
610
39
761
678
133
770
718
67
605
993
336
897
287
405
351
912
700
244
558
478
230
350
906
271
642
890
135
1000
530
163
7
465
322
239
227
934
238
772
246
44
182
24
544
391
886
620
379
987
188
1000
384
392
86
67
399
692
980
403
344
701
479
52
722
889
741
21
507
203
228
842
716
636
587
262
257
621
23
647
421
70
419
911
785
2
865
24
745
315
444
33
710
139
402
999
872
627
368
775
388
537
980
194
704
384
782
441
481
234
991
906
759
193
244
439
328
555
833
124
122
694
677
69
458
253
889
293
548
826
524
253
533
48
38
386
269
838
134
824
732
240
374
910
541
739
827
439
466
663
414
435
80
623
486
450
506
354
54
805
867
600
782
820
168
35
41
244
435
219
659
598
490
334
731
296
579
204
452
291
59
658
638
409
363
172
509
336
70
223
607
933
120
942
182
972
100
24
727
160
547
491
704
228
468
981
831
970
865
12
454
948
786
928
358
48
798
962
953
868
462
269
134
795
546
225
324
459
193
252
348
522
6
139
277
92
722
111
541
468
460
278
94
314
872
942
708
46
39
969
478
520
486
408
363
333
211
946
173
180
209
154
631
830
680
933
630
767
140
34
772
528
596
727
835
867
469
914
192
203
492
242
224
545
840
278
336
943
933
30
419
346
26
45
783
758
818
379
915
284
860
221
179
836
56
113
4
417
14
22
45
332
678
34
298
13
64
938
671
476
712
638
473
629
287
266
829
339
624
403
674
584
513
459
184
780
855
362
492
190
347
986
985
708
641
15
753
272
949
670
973
326
14
914
928
497
196
118
412
294
566
495
217
934
924
718
437
860
173
826
837
365
243
284
935
599
17
697
895
473
870
573
982
424
26
773
418
73
203
981
210
583
312
628
735
513
648
465
899
480
252
435
127
910
192
46
881
18
554
866
563
361
722
204
712
226
103
355
279
966
33
512
5
608
713
785
449
963
298
965
460
721
465
800
146
451
800
464
301
91
828
208
673
730
279
849
626
293
959
697
861
758
732
828
794
979
43
736
629
381
391
594
613
567
279
508
281
472
422
164
147
586
715
947
536
939
16
403
283
465
146
603
513
640
837
892
486
554
363
927
870
494
870
511
128
473
789
41
408
646
495
970
390
365
88
560
374
636
169
144
923
637
488
798
280
543
181
451
261
352
812
369
564
209
861
967
100
783
388
171
978
441
953
663
422
691
362
733
755
879
408
473
224
715
847
465
734
453
663
589
295
331
271
947
635
34
840
676
764
140
978
143
88
140
705
988
721
361
738
699
930
168
668
255
135
947
795
824
912
319
675
888
646
272
24
353
154
694
638
772
682
438
695
351
449
564
478
207
174
292
672
247
209
24
562
930
996
795
946
246
92
26
555
296
9
590
736
355
504
210
776
867
640
893
409
352
85
185
11
393
797
5
714
772
897
948
692
243
34
209
38
802
401
647
584
58
729
754
628
996
77
155
66
888
661
804
190
296
590
182
453
959
453
287
822
415
711
216
870
898
766
1000
249
130
276
32
602
772
424
266
46
506
212
112
949
149
751
12
390
575
954
600
71
925
464
625
634
699
177
234
447
943
544
222
233
445
267
4
234
516
885
942
924
235
585
42
661
250
496
819
607
780
968
903
138
158
619
529
438
958
761
640
200
245
979
736
13
265
743
957
596
295
791
493
512
787
234
413
645
669
347
72
193
449
870
795
488
79
461
918
268
196
501
206
399
994
913
33
803
190
693
537
126
388
784
642
773
898
50
951
896
267
789
165
328
369
994
686
420
602
707
823
766
370
699
944
958
148
836
310
719
407
831
463
324
696
691
559
686
383
171
974
910
722
671
854
700
862
123
964
736
125
586
163
322
509
839
642
490
811
44
948
42
382
338
986
80
330
486
897
438
991
139
510
205
302
121
84
887
444
392
151
725
869
942
202
349
174
688
549
882
746
968
741
374
452
778
108
525
927
203
862
191
919
576
267
475
798
839
19
615
136
977
484
830
839
948
393
623
451
966
793
325
655
99
3
129
799
693
847
344
851
572
282
470
184
977
554
712
10
808
417
176
115
905
659
112
690
880
353
914
224
577
1
442
927
912
985
515
961
734
589
439
145
696
235
868
931
426
723
103
406
820
7
941
438
751
660
988
186
535
846
311
289
241
578
27
347
420
529
956
208
324
253
580
712
633
787
608
724
444
35
181
748
530
293
713
292
132
794
281
992
332
254
291
131
194
89
203
677
687
212
428
408
612
55
887
182
378
890
65
261
493
412
251
582
950
283
981
469
970
66
408
391
820
928
912
261
862
159
404
591
797
482
288
473
561
132
130
904
613
989
513
864
298
572
673
834
663
451
523
760
13
384
564
350
826
164
830
717
202
111
490
584
125
505
533
73
543
10
888
171
233
709
450
572
356
869
705
255
781
412
514
644
704
584
395
275
415
267
358
524
20
978
902
417
519
556
96
698
957
165
62
702
98
63
737
216
205
317
329
481
361
128
243
436
960
283
518
86
716
735
357
738
808
744
336
812
7
754
292
724
920
711
906
637
2
784
599
317
848
47
69
329
645
588
18
880
821
653
899
942
18
408
320
439
911
994
631
721
181
961
999
890
378
390
659
750
636
695
413
776
533
831
339
906
929
367
726
606
983
991
761
821
144
204
544
32
126
849
718
288
61
886
509
467
59
77
213
60
991
26
56
951
96
436
103
989
103
693
564
374
553
240
111
528
617
213
482
238
801
171
138
40
758
589
859
202
194
901
299
134
540
109
141
700
384
501
140
866
136
315
657
759
948
495
175
526
143
293
506
327
782
754
633
570
892
694
9
91
278
962
463
777
59
336
987
865
541
288
379
963
218
556
133
655
181
404
365
387
459
81
503
513
681
980
972
203
415
534
928
616
525
290
816
33
166
67
616
117
696
244
268
82
140
162
575
371
86
429
750
87
585
237
556
566
569
455
802
614
393
609
949
445
804
630
640
940
40
46
410
370
911
280
374
452
366
397
343
390
707
426
877
887
453
761
469
539
499
622
774
978
203
607
345
281
859
77
703
134
532
575
563
124
770
935
794
738
400
981
1000
56
44
147
683
192
808
92
336
614
238
760
716
440
561
844
818
346
48
651
525
513
964
454
269
874
777
272
749
917
614
740
451
457
98
759
52
721
734
35
685
593
587
655
313
510
118
951
180
213
385
25
723
50
1
946
902
570
506
648
693
358
15
440
328
446
256
37
731
880
275
612
639
225
886
286
495
398
154
777
275
180
594
113
378
487
156
473
555
835
556
368
960
390
633
350
224
950
4
249
765
176
390
621
205
748
614
425
482
640
430
644
970
813
634
92
908
867
301
272
813
282
686
634
955
105
192
347
106
387
547
508
895
801
281
351
678
209
948
224
899
626
76
203
620
381
84
45
363
122
536
372
184
693
638
611
629
152
205
464
776
744
262
960
669
32
918
489
544
944
86
836
566
914
662
70
537
207
309
377
317
644
396
580
44
660
465
737
125
964
967
872
616
299
650
935
942
444
788
879
334
86
671
201
584
186
777
971
696
746
802
905
909
714
390
168
920
174
269
395
773
799
749
644
611
126
502
490
829
641
908
692
439
313
506
778
414
421
166
779
857
266
565
129
578
864
153
532
545
17
256
77
608
537
739
237
642
35
956
27
634
339
881
46
946
387
100
650
806
788
425
522
845
335
321
618
289
362
171
958
286
21
809
967
502
166
419
732
602
210
873
261
195
34
962
619
109
933
152
254
752
875
309
376
919
438
801
550
1000
188
287
694
840
671
300
603
106
949
830
315
654
464
293
201
829
245
353
971
245
439
185
184
749
871
423
634
432
648
430
705
574
744
752
342
756
56
575
1
610
88
614
597
278
15
860
121
190
527
750
663
71
271
605
532
346
131
742
545
989
505
79
163
576
660
960
59
986
116
334
880
156
601
585
964
211
563
34
654
951
230
216
520
144
747
126
303
230
291
272
495
535
873
64
355
876
381
541
653
378
182
378
946
554
775
959
676
79
241
888
176
964
472
990
187
51
536
564
218
201
245
927
107
925
566
762
676
984
407
877
182
531
885
422
161
32
990
147
546
771
61
356
464
32
774
871
176
795
811
206
741
157
284
294
893
319
384
242
80
919
480
238
473
614
353
641
835
830
872
16
664
824
214
173
231
195
47
165
751
967
820
442
793
958
438
66
17
942
167
252
862
817
501
891
782
422
524
771
663
678
392
926
324
183
332
969
392
452
150
857
960
597
523
478
170
908
953
8
370
489
796
100
585
605
580
65
689
268
292
777
925
690
991
186
271
460
503
235
579
238
968
857
293
985
445
254
354
796
900
908
175
517
913
987
837
302
472
99
211
512
259
845
27
543
157
216
127
10
355
825
439
160
288
797
244
567
664
669
182
131
459
234
172
942
269
168
744
478
710
411
96
31
224
656
392
386
108
923
200
343
967
904
928
523
80
973
32
434
167
922
83
736
413
901
540
690
501
22
120
151
150
545
506
204
314
977
244
827
370
99
205
118
322
74
562
372
55
71
602
495
144
116
133
353
385
639
447
818
418
780
325
637
39
648
621
238
778
575
240
759
561
106
842
783
484
892
198
858
917
481
636
210
254
266
33
684
929
184
602
49
415
687
894
848
142
298
659
248
796
797
292
992
541
128
442
429
856
363
914
327
689
297
329
70
222
911
381
459
985
573
232
777
207
702
867
260
509
505
449
800
190
312
256
932
959
154
104
252
298
987
476
489
424
111
228
478
818
29
970
725
783
336
761
232
182
30
365
125
57
694
897
710
603
834
861
960
271
884
950
778
258
401
834
436
994
1
966
505
342
764
570
169
444
120
768
246
928
136
115
430
133
668
268
970
748
221
106
272
637
474
265
145
420
611
992
897
774
815
555
966
284
992
16
754
11
647
388
202
931
281
91
536
911
545
714
983
406
500
483
204
827
663
180
369
312
729
782
400
484
217
679
886
427
292
752
699
73
764
176
545
918
663
492
567
780
688
824
212
787
709
422
704
751
518
311
110
616
378
510
68
100
183
311
344
718
984
609
305
900
56
655
288
327
739
969
482
121
184
657
517
981
142
86
789
844
790
436
902
461
584
911
217
257
821
421
844
25
466
19
714
56
490
39
389
932
834
324
463
82
213
585
562
712
127
85
500
296
614
805
969
950
755
647
