50000
2185
29859
14671
21584
26299
24956
15253
16175
16263
13135
12289
21309
25754
1452
1052
32570
5616
23248
2712
9862
38818
32031
48554
17425
47796
31599
36175
35948
7446
6100
21175
36820
14797
19084
27550
38235
33538
34167
227
17874
35440
26050
43413
19166
38689
30982
4503
28976
12003
3695
34550
30783
34378
30521
15068
33941
5269
12695
14448
1267
31342
39079
44557
3278
40568
29086
49036
34884
49159
3646
28838
21290
38412
36730
47251
22368
30038
4011
19437
17658
49150
34757
20726
27882
667
3945
40322
1361
39981
17495
10570
42908
31434
42670
28930
38954
31830
38415
3314
38924
33465
48152
17042
17281
34948
17544
31114
5772
3503
5324
27347
927
21896
21231
6108
5660
10625
45358
40714
8505
28573
28525
283
11189
9348
9403
2442
13925
30413
362
45419
45015
30779
3947
37918
20575
47916
5418
18403
32321
41227
15134
3962
15521
36792
13097
20287
46844
9787
23381
1808
3681
49669
32726
26586
11206
34631
44552
22343
17566
46275
17839
3515
23357
4519
29489
48514
39726
32137
6778
32136
23700
16273
26868
41392
37322
14657
20540
42176
32307
825
15375
7758
41557
6587
6296
2901
6402
28189
25825
22618
6947
8698
10530
8225
14097
21954
18010
10683
13234
7503
24388
7609
28878
18096
9712
4298
17788
3303
12298
39404
45429
29107
30652
9133
32668
13232
18492
3751
6781
42260
47429
38523
27034
45660
31594
27642
21213
12299
23031
31178
34320
34869
37750
43087
17968
14297
2207
945
2399
16848
10671
9872
5823
31845
28941
25306
35382
28636
36594
11339
38985
43193
17042
38518
21274
17
45324
23060
7532
23460
42513
48882
1538
2004
10707
7314
41376
3886
32864
14888
36591
21108
43095
1134
47343
33115
1742
32518
17405
14428
37810
8641
12306
43866
45912
21083
10328
4112
412
33764
10315
39625
17861
19619
42694
5191
3468
13730
26866
34589
4954
5743
25943
24892
25390
7237
23579
11997
18731
28162
17339
5187
45353
42485
21072
35339
2181
34655
12340
37280
47904
37592
49797
3652
13055
49567
31652
25500
1317
29397
36624
8461
48837
13396
7050
31858
36818
33370
3652
20449
36557
26516
45636
28894
10201
3216
39431
34220
16680
44652
38926
35661
43861
25405
17403
24917
42328
39156
30468
7950
38693
22203
6192
13496
9251
38847
18440
32490
28111
45590
33628
20629
36549
4102
40882
29659
24761
27611
47877
32438
48206
49624
46794
3981
49888
33876
34087
28268
3648
6125
45996
28471
46038
4613
18903
18823
41538
16237
8258
7781
8185
34952
13816
8405
47161
39149
2460
17782
35835
15862
23238
46030
11143
26047
35479
11823
19691
30454
15769
45216
46614
19457
20778
21438
48028
20279
18868
37422
44699
45454
3671
25470
31767
45584
5139
17528
42554
163
22998
35787
35527
17956
49301
44175
33306
15695
47254
16076
43741
30305
31557
15641
37810
38825
21918
22755
45895
27160
15332
31048
7194
21573
3261
4412
48580
8669
23776
20716
27496
32982
6258
40995
25593
4136
18218
10004
27849
7090
16416
23709
20508
25769
38158
42649
27942
13836
29609
47115
11728
18403
39679
9331
42080
16
39966
40989
42016
48914
44376
42570
13071
22833
40836
9833
5387
38044
5975
25565
43994
20061
22494
37229
18532
34450
24415
31495
49758
38368
17868
5534
31791
33569
25163
29404
31264
23659
23447
11606
16045
26552
22236
9332
19704
43166
35269
14115
4038
29268
46877
44605
23957
47090
20674
37863
9578
374
39276
31205
933
8531
26456
26952
20754
47097
45487
40918
41194
19029
13051
30662
42841
35004
34007
39129
5089
35918
16205
10975
35336
19890
10573
35230
29858
48050
29861
44476
49149
44119
38686
23124
27529
23045
28444
46518
15655
42152
31796
36931
17000
11768
34301
3352
38787
4883
11368
3738
46447
43522
31048
17078
40958
11070
15629
2532
12568
17730
16223
28387
25687
35095
15809
18271
22711
10194
25004
43214
10
10624
32697
33829
44584
25636
31988
40540
46052
28406
24644
8907
33112
442
49595
35734
44365
49307
10940
35904
32115
23868
23237
30126
8203
42896
33697
42661
9850
30248
22063
9147
27765
43285
28003
18427
31250
36787
39462
41136
1130
33976
29420
30719
35038
30419
16253
19368
19217
44554
21927
37294
8188
29646
7727
16761
9001
35494
8814
11306
34735
31896
23226
41000
5709
1221
29945
8318
6275
16456
29233
45195
29706
40796
3770
3832
30418
10224
19215
29477
45816
16341
30483
36050
49511
23521
28806
21484
27955
31501
20607
22001
13896
11922
11905
5374
28380
41491
26812
18323
12745
23401
2582
48889
48244
29289
13322
47901
19699
25512
16099
15107
32831
29311
4272
10021
40256
6680
29457
45821
40080
20000
40771
17455
32320
37172
7146
12909
33033
17316
18515
14542
32839
16936
24152
42512
5974
35161
15307
10435
15256
27249
30042
20620
4620
47916
34687
24132
34929
25530
14424
4531
36532
29060
29603
24107
34596
24377
10064
31783
38136
17047
12340
14226
16453
38741
26016
38808
9488
36603
47364
28020
20226
31332
14475
38416
29131
25599
12197
32111
1340
5227
2450
35222
7221
49796
20551
24224
24073
13216
7682
24884
48205
34397
8000
19897
24887
37642
37723
35137
10194
30554
5797
28104
20947
5793
37548
5942
1391
17759
40661
28459
5658
42589
14268
17912
13134
19036
8727
7836
6539
11974
41141
13077
2689
9502
1803
3223
687
24160
17885
49249
3600
15845
9260
7405
8502
29004
28082
40424
48152
45862
20598
10131
20900
14891
1812
49910
29521
36408
47923
19640
45610
27801
10468
38299
8967
4700
14089
7120
43414
4447
18122
38460
33776
20321
38754
6428
5639
42221
19823
43573
42385
39807
49514
18166
27076
6912
17789
26486
45156
4059
33579
29150
15866
4196
24063
37583
49323
34321
5951
30227
2369
16632
43653
98
8326
38962
9953
24113
12861
40959
22365
25915
24695
14791
35555
49214
35433
10866
670
3861
32832
29965
42088
15881
43943
45942
26041
30314
34951
43720
26231
40144
16638
8098
45382
7306
22744
25441
30668
6386
29960
4854
11508
13530
49818
1003
49655
14193
17212
33519
27885
20369
46995
3485
289
47217
42292
33363
32531
37598
44188
47570
6399
31496
46396
47195
8574
7997
26470
12685
4484
7636
7462
1126
5469
24246
34807
17229
12726
44534
8639
33252
17781
48226
19506
14883
28652
43335
33294
14042
14253
46060
47269
48931
8637
13917
864
12927
22252
6532
48013
16538
25839
15208
9519
49791
25539
14473
48119
36271
11301
10083
7894
4511
42181
13004
22316
46058
8804
1624
22786
19909
32300
29146
7197
31158
11862
4219
38778
22855
5151
1070
41685
40403
7087
8290
20070
19926
10919
26628
49253
16806
41882
29609
34372
43740
21355
1289
7528
11158
45819
27515
17524
9822
22375
22285
34297
14748
15443
39931
10650
31599
46009
18015
896
17052
46623
31270
3530
49522
10444
21083
15443
19738
6830
12309
31087
46007
39054
13021
20346
714
15591
23025
21631
34610
37708
4466
40420
33706
46931
17933
178
26343
26582
41922
37253
39367
21083
31215
9636
40887
9674
6982
12716
32446
46949
18818
9510
305
14551
43394
39561
47136
24400
28556
1626
31561
6573
27113
48317
47608
26558
43491
33040
35569
18298
26653
1837
35020
5065
5422
16669
38786
22608
36025
49293
28340
46221
10511
49225
29446
34045
38700
2343
48907
29053
25044
22925
48408
18088
27766
22102
32961
10191
47681
401
16594
39632
31217
7506
16185
28357
17227
22982
39139
2114
26243
47752
28782
29176
32174
13389
33411
44628
18198
35731
3012
15383
30006
44069
8092
17380
45360
25112
2238
27922
23399
40698
3648
17368
10904
24255
11899
17792
7306
15884
12504
46512
8046
24505
27108
24061
14268
15753
21175
36650
8623
10929
3196
17356
24114
4122
196
30575
21210
33521
24833
33132
20376
35277
45407
12195
7080
189
17463
30837
32430
3001
39333
9848
13693
15367
49562
23233
37108
43560
10613
34210
20876
14721
37379
26700
37539
27459
35772
11134
7196
44377
4046
47882
5597
20343
39671
43690
39352
15563
4729
45165
14748
46824
21367
6793
3934
47578
14837
21079
38158
18872
36339
44325
37382
9205
19249
6248
36728
31984
23096
28067
21570
41007
26964
39966
44275
28739
37001
47786
30577
47921
25244
12687
9203
14001
30742
28778
15545
29343
12898
8986
9053
41715
7742
37661
49528
4391
20510
40874
25067
15893
648
21140
17475
31801
24579
26370
23872
12093
5716
49766
22052
1593
40184
39656
37823
12928
47255
14147
33687
44463
41953
13646
34103
2632
48683
20348
10069
43763
10585
13714
40621
26339
17507
34196
49783
25608
33264
46127
28202
10498
4023
25282
43871
12838
10162
33732
27654
13367
34904
21027
38777
29929
24168
36925
41958
47821
32245
15568
20527
35323
4118
1720
39854
45604
47627
44741
5313
46921
7750
17577
22323
13585
20599
30841
26448
48828
34442
20472
22839
35281
38635
35760
42752
3942
33605
19909
7293
49929
11732
39857
1303
24292
20156
5338
11878
6986
30150
49691
22706
28182
4327
44721
32525
37393
6590
23702
46482
40357
40493
10981
45625
4632
9725
7915
29703
8953
20901
20294
29668
23556
7488
34718
4127
35770
24523
2456
5077
13078
13640
22971
36389
7173
9864
8435
41489
8395
12723
40258
15852
18943
562
13000
18643
30407
46676
40834
19610
8282
32080
24598
15416
49589
7091
16262
40521
22713
14828
14324
15109
603
13771
16298
7034
9026
45026
5497
15395
49775
20898
40167
47345
35911
4079
43941
30448
41674
21398
47125
31596
41225
19926
31849
41792
2659
3131
2525
47389
1552
11502
22728
45773
40263
10080
29708
7289
8173
12429
28241
47876
19420
15595
25036
15180
23929
48509
11306
16416
36565
46822
30352
19710
5485
14397
9680
23781
47704
46797
43133
40026
13064
48731
3008
21254
20891
23858
216
41642
33914
33666
751
9382
40615
46820
20224
41184
11108
26078
36750
2850
6498
11571
2826
20349
26769
219
34928
28150
3249
2076
30375
13579
49934
36406
13477
31608
33710
38077
15329
4521
1661
17243
44964
10235
22376
725
4397
40579
1191
34748
6899
47845
31506
1832
260
6699
15797
10219
160
1720
42029
37388
20742
7965
19282
29600
45343
7952
18042
38827
30613
3383
18560
18187
23440
20220
6004
23900
46738
18092
2191
5353
36482
8490
16697
20688
7293
3267
8059
46132
10481
3025
47721
33935
30755
2702
29881
48204
4372
25715
22094
36741
12071
12204
17433
32052
10738
32343
31307
40174
40537
2214
11792
14158
28356
43566
29771
4783
11103
22694
34559
42777
1026
10371
16835
48056
895
1586
45654
10519
160
3558
38035
40468
15077
24876
35809
1099
2143
35008
35704
21739
17573
40899
41635
3843
35090
4161
11914
1206
20940
25105
37283
1632
19978
8094
7539
10463
4399
21560
16430
44930
5270
16400
11623
26543
19649
16427
40679
2185
27850
30143
30253
21092
124
45682
42735
19912
41841
19512
42836
46890
15383
2513
32691
24761
38749
6594
35860
22163
31776
38788
14907
31352
38593
10471
46135
5055
1559
37957
12616
48197
34087
36986
6576
35751
43109
1865
7836
13816
28635
46686
4277
36625
34234
10403
2371
37323
37715
32546
5742
2700
27413
36321
39946
16449
21284
16268
45934
28964
45805
45525
2205
19585
13751
26065
23368
14445
982
33212
37493
4219
11587
26733
41046
28698
14985
45451
33462
25391
45740
45780
32056
24129
18458
38232
17925
22927
26761
2363
47722
22349
12999
1916
34690
44453
27407
321
37445
30768
47891
17641
29317
6991
41910
36910
20755
31376
21727
4178
29492
47018
9323
29600
14393
47556
9961
380
43823
20502
8491
43987
47607
22365
3667
14635
31281
31770
41206
662
7700
36735
3302
25837
35024
12356
12849
15393
29964
39460
36688
5154
42899
15906
13811
36480
31000
8516
39874
28684
9398
2573
7347
5321
21150
35501
2692
28302
38455
45630
2004
33759
35941
35844
47153
49285
26499
24281
35966
42476
659
29327
604
39282
47086
7466
17461
26710
42651
21082
9951
45067
13056
3360
6328
19919
31240
36882
23748
42520
5610
29942
6669
30491
22504
7416
35285
20800
24322
11451
47988
16898
49691
44106
43102
30578
43139
4285
24357
39860
19221
28446
14876
62
23027
17077
4978
24336
12543
13947
5838
2544
5834
49097
40108
45981
49800
6279
6303
47552
23568
14553
6406
19742
10613
224
4885
21182
27249
3316
42417
45531
21667
30104
32677
26235
43853
30604
7585
32583
22948
14689
19095
28422
30310
24170
26572
39132
31582
14833
24141
11156
15229
40002
47043
27385
12270
20553
45329
1022
3783
13096
47187
43444
20123
17128
36372
12244
40811
10393
42402
47831
31040
27429
25874
37365
48805
5509
34726
8206
10379
37449
37997
27926
19752
37787
14573
36074
26042
38925
23786
34872
6375
8328
46704
38156
49762
8912
27246
29173
619
11788
40881
7508
38578
10961
20745
48914
24821
11412
12071
40655
4446
18131
46891
49173
750
37850
23839
11994
35469
14492
42669
6092
9043
43686
7218
18637
17298
38006
26709
23524
32341
17418
2580
16382
25013
38
43932
46862
40708
1494
46079
37132
32993
33573
30874
25211
31799
31461
30512
43219
18853
43993
30603
20965
29340
42523
136
7575
29005
25066
1733
11541
38647
35135
31274
33531
13461
47896
8848
26198
31635
10805
28963
42196
8252
14152
2349
31690
16203
16096
20950
46328
45328
49678
15416
35492
31934
49123
29264
46239
34137
17253
6130
8475
48523
32477
14320
17299
10761
605
3234
3963
13732
46998
21099
47483
12672
18257
561
11584
43479
38576
10802
41157
8096
15009
37007
42248
7653
8580
38197
2523
28183
14692
48879
9250
12260
40768
37524
11626
18170
35522
30479
16341
25241
17717
28273
30624
40567
30289
9949
25847
4564
20864
10631
13829
43215
45849
40680
19095
13501
16934
24041
3571
246
29520
6753
5102
11015
20251
38376
39216
23307
34328
14195
40345
7346
27714
3796
7215
37380
29573
7454
28361
31900
33361
27169
35099
35868
26438
33308
21035
29632
42551
49625
39504
19926
38994
18063
42146
29312
20577
14385
43802
37854
37986
41398
34096
7081
37445
44498
40509
34845
4900
27507
44353
8823
23795
24547
29515
19323
10207
25993
40822
36877
42894
3815
45216
37307
3439
48097
39821
36547
10247
21173
5326
32812
5564
46436
18371
1207
7959
27975
49267
9
46764
11050
21464
25443
45517
4513
41819
39125
37018
21130
44812
8772
17159
24947
7932
21663
32020
15080
33886
19923
44880
10647
13319
8098
38219
15350
45268
19722
13727
9734
38849
294
35950
29305
38735
3308
36927
46256
5913
28010
16506
41370
21226
37236
26201
30281
38728
29998
37556
19777
31967
42538
49301
25461
34397
820
41404
4615
32086
587
7166
994
3592
15546
47547
11168
35665
42651
34221
48531
16682
1591
30980
12593
31953
43445
11993
34531
33379
15382
11396
18336
35135
47164
34432
7361
4949
12203
3089
16927
41208
37946
29901
46593
11793
20769
10489
880
33056
37150
21522
10161
27812
9032
40632
17569
15765
27978
19054
13475
8165
1321
2332
29055
7747
25228
23417
14424
35871
20228
1347
36083
22724
10791
17146
35585
41169
15414
43500
21986
13106
43715
47847
22972
32656
34449
45068
10196
38136
47574
34904
210
38391
23483
12212
21425
22092
35495
30267
38461
12250
3216
1525
19121
36973
20271
9730
13067
40352
23577
42596
37068
23061
48164
25285
22070
15621
2641
338
8355
26045
11125
8041
4194
6390
27775
4471
12963
16284
2925
27429
17297
8925
30801
28712
8579
36455
4393
26204
37157
36842
21772
564
40980
1832
34211
36573
1404
34348
41466
48234
18939
6410
20194
36115
10543
42860
44664
29340
26819
419
918
13799
45180
18218
42131
32606
43988
49913
38006
35938
18618
267
18377
21785
6076
20213
35136
11849
33188
2889
32717
47513
8580
4146
10846
40645
2607
24188
28510
2438
40803
27431
4653
42553
32168
45534
40299
36333
31760
5616
12364
7614
36945
26354
20622
17228
10391
18597
33086
48293
4140
28604
38165
27154
11227
42129
5788
40281
22089
32854
47808
21692
31889
36031
42666
7298
43266
28649
31648
29702
11838
16896
29797
11493
30233
23568
19733
41502
1712
12668
326
21698
33081
12766
49241
40868
25094
11648
48259
49660
6168
44151
26926
10776
17377
14434
42733
12739
7401
15051
13329
13469
23991
14363
10418
32993
3163
20106
37114
24537
26712
48248
10948
24334
43223
39205
40865
35516
36520
12257
11391
17279
9648
45087
7200
18384
37009
47956
6263
34727
4090
40912
39953
14296
19087
33360
34067
42519
38138
31691
45911
31684
34547
29113
26405
47446
44668
22460
17260
339
24976
4032
8467
49586
31138
7480
35360
40688
39918
49059
156
11826
12218
21046
23167
31077
2099
47812
4501
15075
32488
35671
6969
26102
25663
40236
47350
13647
1796
10881
4138
1345
132
9103
7359
27930
24051
29730
17413
13930
22417
42829
28176
9383
2909
5690
21401
42894
16917
1487
2460
3876
1772
29843
16139
3271
49216
25978
38677
13668
23098
6360
34053
34056
37056
39342
43803
20994
31583
49659
33197
7500
45306
44037
18673
48214
36239
33038
16484
10436
4155
45504
31082
14948
31337
17108
26769
25429
10428
22173
1103
48885
40178
16378
576
15676
7654
38426
45805
14998
8790
14060
49355
4774
20881
3715
15461
21942
1010
28563
15713
35508
7450
17695
33696
27255
44634
34930
26353
18592
29353
1065
7349
29853
5838
17226
35817
22468
20473
5421
27038
6470
46490
11764
43350
29636
46421
23347
18880
30015
24803
32069
29076
42223
32361
30907
15601
15923
8582
20878
23003
20820
43026
24989
23372
25351
38806
29915
41699
17278
48172
30793
2165
14176
33851
26762
39956
19714
2196
48657
1956
44643
17759
13966
18317
42972
24400
39595
42961
19670
9709
14203
32622
7797
16993
19184
33271
46953
45267
14651
46220
39635
26846
44875
27514
1813
25357
6798
14343
32222
30599
34680
2648
48529
8751
16542
16599
29066
17885
18405
35387
8819
48041
37752
12497
4606
26923
7394
19002
37993
1103
31276
32402
32448
6365
47691
19786
30391
5325
21901
48513
13789
5163
19042
22283
6334
32074
34073
30627
16041
42836
25765
35089
1785
7054
16694
10431
49774
8917
49457
25719
23372
22555
24133
29051
17374
8608
43808
15554
41778
9521
10281
42529
16434
6407
7752
1176
48908
1044
40248
42022
43805
16126
12951
1427
14854
10968
21858
11501
43773
33654
26077
34860
36606
19442
46270
30906
1203
20435
34648
5151
245
6216
27528
42213
4389
27358
47830
17197
49868
16228
39168
6283
7538
49529
37786
26163
8904
29884
18019
29870
20617
32942
48674
12414
13643
28918
49746
26884
41899
43451
46825
26362
5391
27489
35616
5850
47214
37659
22671
19397
21441
8083
18022
37901
25937
18298
6213
28228
22118
47002
6770
45210
46432
6513
44369
33881
26186
11844
35175
26510
25490
13789
1157
15914
38688
38558
1367
43659
22542
37868
14119
6473
6709
27181
24966
38037
31392
1796
23786
10703
20849
36377
4623
29190
30465
6612
49325
1178
21330
43099
46762
4963
19995
44433
25602
49551
47206
43904
32572
11975
39730
7107
47904
45776
29361
42872
13754
34014
19629
36366
31967
10988
21343
1629
14917
27496
5854
41088
8760
5498
7659
45128
19201
35986
11414
47822
22611
7614
27042
34666
14682
38759
3154
3365
3668
128
19042
46350
19011
17550
29982
49712
41213
27979
29706
32706
47484
15112
40078
40978
11180
38898
23047
27479
45884
45857
37220
36296
10143
5232
13466
34619
27768
8163
32434
39081
37556
41337
47352
7609
30179
21403
25451
40376
46524
34055
5484
21692
38046
12367
5922
49122
35657
43421
36249
43422
36271
2102
32577
5548
24577
853
11550
5448
34859
14293
16674
8025
32969
47200
14665
42921
23165
38422
47182
23130
18328
32083
28428
2707
31979
27612
37023
46734
23665
40646
47303
44176
3340
21610
43968
22232
16771
38476
7188
33101
8293
20581
15432
16657
45115
14464
21730
43556
26627
26736
45864
14920
44585
24574
26827
3266
5968
36443
36779
8264
17654
9323
3136
19090
38734
15653
43334
13047
24645
8649
19574
10211
39551
23262
10196
7470
14340
29931
8470
22970
38686
6811
34687
30758
32880
48282
24085
3792
6418
41721
5970
21806
19175
18435
47403
6090
40368
5654
6673
27843
39781
40604
11966
21509
9986
46783
5041
396
16591
16257
41148
11098
13556
45486
19779
7150
33641
37121
40014
4349
18611
34133
40696
24442
26921
4503
15788
29404
10321
41851
31417
42177
17918
21444
7804
11676
4071
5118
49267
16102
26899
40901
21333
4079
6665
1411
21190
27572
49975
13832
49842
36186
4357
3006
13411
41670
32789
25814
5337
5021
6317
7748
45119
826
23257
4780
3173
9967
6120
20557
35269
21321
48602
17993
17964
9115
12564
20122
47680
18728
46345
10998
3511
13152
43358
41359
9872
12019
46114
16243
30079
24357
48127
47877
2192
47826
9751
5752
9315
9872
30395
43398
22572
49981
37308
47967
30358
7046
20296
6968
2406
22592
3655
44644
18398
48712
21068
37372
23349
30810
11000
35434
240
17042
42138
48825
27450
22090
19985
44443
17409
1577
17803
20186
29661
36800
36475
37824
1408
45297
7106
44511
17069
23986
929
20370
24363
44153
10836
33746
23203
5621
6382
45916
42113
1512
29936
23257
25742
6287
13381
38822
33506
18901
35561
24631
20824
31779
19571
9179
5662
41357
47563
31026
41715
15940
16177
23670
40362
32623
3752
37543
26572
24199
46272
16112
41493
735
30675
5520
23733
40526
25164
30493
12654
5315
27104
45087
11777
36570
14514
24607
31148
30846
22020
3417
3165
42789
12071
6831
19897
8175
31767
1736
5671
23135
10712
5654
29362
4329
9206
19701
16934
26234
27355
36118
48182
27479
28558
18235
24787
13771
43794
34721
32048
40123
42378
36091
27538
17691
15907
7954
49066
2551
7695
1978
47149
26039
44209
5121
37472
16438
32905
755
11107
15593
26748
6694
12716
33306
24268
26979
35722
5933
9622
43160
46111
30885
15915
40236
45416
16510
14410
9999
42499
8649
9575
37335
33562
11256
45149
27154
8831
43727
42624
26268
15343
8220
11805
22789
20574
43600
2755
17517
41009
38202
37353
40991
22265
1607
11856
4056
10265
42992
33194
35702
35352
45891
40155
24751
11019
28859
17350
44437
28216
42378
28835
6625
22293
11715
3470
13859
14153
35442
29867
8836
16486
39646
23470
11645
33122
5632
25277
25349
4141
29056
1268
25883
18843
1520
18263
239
7473
42950
5232
21720
8269
27326
12272
15223
18071
4205
10785
10044
19987
30428
2302
49957
1732
20708
2833
40286
23539
45709
38820
13583
343
319
14236
46707
37023
47365
10926
27279
23167
39000
6011
30095
22015
24504
44521
14622
15888
22580
28485
4833
37884
8751
42829
16040
10361
18860
47555
27981
32268
11425
38185
32808
30419
46247
32308
44902
30954
12494
30716
45225
3995
12859
36652
31431
7375
46081
27433
8746
13958
19570
16198
22980
42525
39388
23826
46376
13231
15761
46294
26523
17935
8847
15494
24525
44153
3183
10541
23826
26494
13869
42278
45830
41338
47399
46061
30242
691
32464
47080
45533
15133
10426
2626
35427
16589
34851
37523
48161
29849
13995
19546
4069
36281
44239
28033
9620
42326
30782
18353
10171
48351
5114
19247
26051
20896
32687
34207
47585
10203
22338
14183
36109
32941
25199
29403
38589
9782
8802
17503
10943
7361
11254
22819
21486
3285
10670
32402
24756
5008
39932
10342
47314
48444
10069
35595
26681
34917
46475
35687
36008
174
3012
3480
46069
36905
41725
6214
43222
46146
31020
10003
42318
16885
11715
47685
42401
41992
18402
18264
44224
18058
16824
11163
14654
21562
35928
45597
10906
45479
25327
3098
21829
14804
37323
3089
49000
11889
16682
7886
44250
32234
10601
9972
34771
44729
41879
38486
22644
43799
23433
27938
8623
26256
45814
36938
10939
8603
1136
43455
48777
14735
24926
11078
8187
9739
28377
37510
20237
46104
23266
34740
6928
3858
18155
32671
21748
1036
29223
21291
44202
29713
3453
10195
26156
26961
33063
18393
30181
4120
39735
46137
48711
42120
28002
45202
22205
18694
32958
34754
42808
3018
114
18574
15141
22914
23703
46025
35294
1716
38198
45955
9907
35710
5198
30940
27859
8105
12524
14064
5079
24893
6986
40324
17846
27101
46280
49774
42609
29913
11314
24529
29816
22961
13345
17430
10102
30200
6641
18015
42005
21804
27547
42470
7915
46429
6190
5740
36126
21767
3021
47419
48699
41307
4447
21748
379
36666
19898
37407
23800
22911
49248
3430
22693
15262
23872
24149
7810
17323
22820
7489
35742
33572
1223
13440
29692
27993
16382
49157
43881
30493
27788
27612
3386
30026
47308
1963
29744
44703
24948
33546
22939
16529
13838
49665
34853
33552
29479
17235
32783
14771
9766
48062
42485
46170
2553
23267
38930
49696
38999
26244
38612
22187
11367
27308
18198
11675
28775
26405
33532
12443
32255
13777
2492
24556
27300
39365
42020
36151
25273
48239
6540
14448
22433
29952
6649
46866
29307
43069
7342
32373
30601
5803
42525
42731
3886
33195
13321
37252
35801
24228
46126
10963
43502
2129
22670
45458
4702
28265
23827
16301
29589
4688
39558
13085
47879
39649
31325
22817
26143
28000
22976
24758
9915
6160
39789
39627
30346
44537
29503
24011
29196
44955
33690
16917
4083
36971
45790
324
32948
2166
31916
17533
1185
7529
13015
8112
31859
48177
34833
44391
34669
29152
24156
45354
6520
31478
19213
32312
26239
31804
33224
26150
21733
11566
18528
27562
4122
2517
19268
9761
17682
27555
32022
35702
3385
30170
33946
6806
32548
39857
8533
39714
37995
40741
13492
8557
27686
48237
14751
16586
35885
38783
18621
42825
34129
9250
7976
3046
41629
35328
4032
36505
27499
22271
5077
43326
42775
28711
18500
38980
5513
36420
13590
36540
20567
37318
26272
26262
37724
3810
14590
48260
2071
8315
38302
47972
18503
32826
21469
19977
13502
21925
34667
8949
33810
49145
27364
46292
11361
32394
6860
9610
11891
3795
15359
37017
4518
2432
33430
15843
42455
17997
30005
14158
16310
32961
26040
44090
49577
38970
10347
30755
4727
32333
5982
31059
30860
33318
13778
23113
47294
10524
28322
10625
46948
30750
15078
17505
28081
41347
12940
11919
12076
49372
7374
15596
41792
14589
26707
38835
48607
10492
38318
23344
39975
49138
30068
8660
22011
20812
16354
23892
36022
25774
12628
46380
1521
44599
23923
138
27462
1729
16262
28350
22093
32700
8607
4722
38329
35380
28486
38098
21269
32538
36299
36928
10545
16675
3274
45781
40958
584
46971
36175
17438
34969
35651
47473
29619
37037
10366
20892
4580
31878
10648
30996
49612
49449
33463
33107
38703
22637
41041
22610
44347
28013
2767
23341
15477
41332
47025
15728
43886
31778
31805
37966
43655
25980
2956
25695
24082
8440
38832
229
39952
18325
9818
25813
10258
40976
49272
42510
19323
48911
35931
18467
1
49320
4979
32890
20557
29483
15804
36049
7669
5684
22830
21735
24237
7635
3437
41070
14369
38372
48084
35169
36231
5450
14506
19099
38984
28294
38126
42417
22381
11915
47630
33652
14946
7894
34754
2490
10832
23753
43719
27880
45176
22841
12640
49982
43154
15206
15686
38311
49493
45465
35976
43377
23626
570
32585
13784
13542
949
42145
30929
28896
29072
11983
30522
47408
7260
24999
21788
20089
18111
37028
3831
30087
23488
17213
19107
7412
41723
31186
42714
11035
22787
18553
18436
8696
42259
23106
36997
30853
47276
19354
32315
8336
2365
9308
3113
24353
19096
23005
8352
27562
36679
45212
34825
42830
12254
11688
9135
47812
15175
32886
45374
36142
35085
27572
16506
24320
44460
28225
33925
1896
48761
29826
3839
18441
11393
43820
1710
8831
47719
8211
35887
31246
41033
6791
31094
7420
49753
34880
39435
3930
5933
42940
31996
36711
2612
8583
18227
8327
40432
14979
43550
11975
23634
20617
28614
30523
24069
39098
47632
47949
34596
24845
27893
9856
2110
6494
2191
23379
2707
16666
10974
7411
5553
36587
49154
17984
3329
36905
1403
33601
48486
16558
38507
10034
43994
4782
45627
9880
40896
28793
24065
13378
47687
22493
7718
20264
46947
16886
25595
44166
32718
361
23113
26371
36513
409
4203
17123
12519
9136
6522
38525
19362
5574
40932
32553
36007
33541
47723
39298
19807
2388
40571
44517
21732
46131
31051
11295
18125
4150
21602
9539
47359
36591
42701
33977
16668
37984
43458
48880
29909
43736
18954
15130
4332
42802
44817
35718
24587
11019
12270
48166
15966
20587
13563
39124
3799
16562
47309
23949
29044
43257
16828
46413
26065
41792
33486
39296
6633
6909
3719
38014
960
17616
34409
29238
2846
11189
33530
32534
8503
13984
19096
40454
5177
49578
37070
47269
41464
32031
49029
22503
48709
9571
15152
10724
49622
10650
40466
4309
16413
24366
11868
38165
45576
3554
46218
46757
39485
47308
6874
15479
19993
37388
32740
10473
44190
22912
12964
32655
1398
45478
21824
10624
39869
3579
20236
44300
5901
46276
24311
2998
8366
26522
49322
44695
36579
9101
22681
17279
25290
869
34392
38025
15015
36454
7490
22472
12635
9945
37929
7031
1884
1922
37669
6930
25863
1427
12955
7611
14259
10839
3391
9007
40037
17808
48473
42085
27798
16813
20966
8201
12432
4313
6418
20114
12795
37235
24691
15336
21533
33694
25293
21097
39998
4244
18473
18981
7505
23985
36656
5123
15387
29425
10270
28468
39220
8022
26315
27629
18441
18849
18213
15165
38965
12841
36332
11944
26608
24429
8075
6274
17331
34909
5608
30370
25530
46014
44791
8979
29750
44762
18502
36228
11311
45244
22523
10626
16122
17828
42147
17916
44893
17851
31427
36398
11357
9268
46860
29276
14549
49452
11435
4350
6503
29323
46446
3921
37253
44587
32616
43885
24268
26656
9884
34370
44879
43855
22738
37088
34534
14483
17176
34048
25927
33394
31341
22202
13580
24112
41789
8328
45636
42140
2534
12508
19448
40009
48084
7351
31648
28990
42375
14248
7338
14736
11619
33944
37113
49541
13420
19205
48539
22460
3722
297
9583
18047
32742
41450
5275
8986
43761
48254
15967
31028
42232
25678
26907
49129
44132
17720
48663
29811
48497
24551
3798
17421
41205
11888
31558
49351
27927
39107
39208
18209
13344
44520
47512
21180
11075
25482
49517
23201
41457
43703
17999
10562
34007
28644
26037
1932
23034
1441
47774
36884
6633
23096
13405
25534
15127
28525
29510
4317
28791
657
4495
40407
27509
46562
18861
38667
23247
5020
22447
21682
21177
3990
1383
47587
5907
12002
10758
3071
28330
36816
43167
6834
13215
34173
35016
20244
49316
36477
29131
44430
37675
10178
19373
16329
43008
17680
1035
30237
41166
31548
26057
12382
9470
40458
31011
8600
37330
37001
22920
27747
21699
17416
15252
1911
17513
13039
27075
36271
11097
45381
12172
15135
25883
32182
13330
13334
4293
24484
41988
3383
44967
40909
7358
34748
15736
34930
10571
12751
25470
37793
39782
3914
30836
4857
13346
1706
2480
46791
39880
36884
46246
37862
3602
12618
45910
17494
47195
48280
30899
37622
25099
31018
9332
28688
4680
7009
2550
18558
653
9630
35489
21384
32201
30014
2915
15093
25041
36094
10961
8858
30574
45684
12913
43770
8958
2277
9193
2964
4168
1538
35111
18143
33395
19509
10547
23827
30568
25552
15283
13121
4613
27875
13192
24690
30575
46648
32743
20449
36522
9534
13559
12675
39678
8717
5405
31681
11249
1804
47415
712
35529
14371
19945
45161
13736
30524
25522
36665
17059
21249
25202
30565
36812
3592
36671
345
13933
10173
26716
32550
32426
13945
1565
20199
34426
2376
34145
21453
32065
28812
26577
47705
19817
39371
48620
47845
49142
13148
12760
12915
2576
35874
35166
12746
29167
34144
12531
15931
21890
39178
16062
33303
43849
38456
6753
31785
18347
27560
24178
26101
23109
10146
10437
23785
24853
20355
22426
24529
49513
2343
37229
12183
1065
706
26207
32398
10905
28929
16351
12353
33666
12108
20547
31065
39094
12541
28233
16647
2
7146
5568
15504
1855
3898
3209
10073
2615
34599
46533
17517
5133
28897
5505
17289
41698
41922
35531
243
46845
13040
41143
48655
23269
9672
15928
25201
10308
39350
35692
24019
6739
34277
5950
49873
23637
36143
43624
6324
37604
12815
28311
47782
13362
27447
22021
38887
19834
13910
19874
32057
38382
3302
5055
31904
11169
47631
40008
28702
42168
40559
25463
47094
45622
24391
36936
23517
12658
42334
3559
36536
6330
27153
34827
16933
28974
48088
27228
6571
33377
36257
44064
9402
27834
4410
12552
299
47422
34345
30468
29357
49380
3978
21732
6006
26824
8399
39118
48092
27266
42457
24347
35514
44190
20939
44465
9345
44534
49438
31958
41166
18617
45276
49208
20096
44308
37793
17988
25388
19904
45865
12030
5870
11632
47088
20495
35320
31664
24107
13390
5547
11623
9280
34040
29510
19487
45546
8933
18493
8585
39047
25534
17129
10550
45511
9979
26759
9775
33308
6788
39677
29864
41861
2030
20324
47126
7506
48431
28542
48089
36059
24272
47087
5314
13449
32012
37316
5294
21332
17427
1344
4638
32853
10459
7701
24147
435
17219
35939
39623
15979
28168
22405
10450
11353
35828
16572
4540
29560
36033
27992
19993
19300
32479
46908
40783
6352
25622
36747
11481
42996
14554
31445
16831
46032
35607
25790
31617
33813
21885
16802
38532
40375
33033
48240
40969
10061
42927
28679
27228
6671
26056
21061
35015
6375
35996
15285
23796
48924
4283
28131
10651
8689
7980
19408
36528
40233
23938
20360
886
26914
23583
22930
14077
35899
43759
21200
12746
49411
33937
9952
2899
23082
8387
45819
39780
27257
13620
22790
21474
43840
30744
44682
2364
27372
48440
18333
17825
14048
20728
19269
25057
6001
12229
37317
6243
6403
33250
6565
35357
17852
39069
46411
25477
35198
16215
20916
26342
42773
30881
24735
29414
4034
2068
12176
11897
41308
5588
12674
31752
25348
47761
10591
14222
16173
4060
46668
13412
6955
34233
46712
1093
30220
24152
33822
6451
43303
39592
46329
25657
28512
49404
28253
33340
48948
47520
3957
36030
11901
9199
17653
14010
3400
19064
23920
23691
26899
39945
10510
10260
30298
45500
9850
21087
33278
43898
15424
32471
22488
25683
922
15386
36911
6834
35344
39461
17772
1587
35031
16488
10210
29374
32737
24612
21462
6453
21488
25271
4514
49306
29615
49600
49351
32101
13799
5276
672
2376
16750
31582
3461
1093
26799
44088
19337
5612
14600
39954
21696
18681
14334
3509
45054
44781
45612
20751
20977
32681
762
2799
43695
29634
45705
43372
35295
22425
39550
12168
47887
37886
10208
3178
35643
32622
41531
23054
47283
44439
32104
8326
35058
44609
49430
612
627
49689
46152
3476
33790
30358
26434
46918
3742
22071
29061
35061
11847
48856
19841
6725
38087
5674
43364
45123
43924
25159
2059
6071
45106
37736
16318
16190
45348
28944
18461
10345
6362
11092
20166
34035
24181
47157
1429
40300
11540
9209
34921
14289
10759
44927
25134
38036
41278
38463
45788
31123
34742
25533
3345
49149
32908
24373
18999
33864
2161
9166
4509
5642
15672
14264
18309
35991
41848
31926
3469
35306
42794
39213
10173
16872
44541
11706
7961
8623
33416
24439
40036
45593
31960
27256
18864
1951
9497
15893
45475
48198
30267
3893
47107
11065
6084
45254
14659
49804
30044
48451
46685
10904
16713
289
33287
20798
23441
15463
24755
3294
6793
37451
18803
17660
18732
45682
28183
32485
37223
46601
3816
32390
39654
35563
22671
27234
6512
12557
36663
1974
8155
47306
15510
27251
11573
17325
15445
47751
41282
17143
10917
42615
38019
2541
35758
11157
49934
24398
44340
3840
7842
6414
9326
47238
41360
31235
23478
15163
792
27803
48859
25076
29114
19933
2898
3201
48040
46847
37864
35097
18313
20143
13669
29099
12421
17970
37180
15377
35952
30161
36672
18646
8947
9705
21679
35591
34809
28320
17957
6623
6707
31419
48269
45246
16483
10110
12972
46412
17666
19620
3384
31235
40835
35144
41478
29815
15098
40706
38719
48915
25787
30340
36023
29518
13642
11161
11493
29818
26866
38966
42142
48470
2134
37170
20555
7187
28843
38541
13623
8643
3734
42803
37369
22161
46879
37441
43944
25557
46701
11557
18474
11268
38390
4383
16034
28089
28915
16479
9060
5052
47647
19783
46684
22450
18582
22618
39437
28712
1428
23157
9781
23588
19954
42432
44829
28684
43642
9426
24747
16434
38179
3633
26044
9695
1117
35008
15280
32634
228
24687
26826
6654
14197
31282
8405
40485
33091
15161
10221
38260
21806
31346
43461
11106
23557
1822
47674
13268
46547
41011
36000
46406
19706
8124
34285
30944
33312
799
9419
11595
29421
24215
31547
34706
2738
46776
4316
34563
44116
3328
14645
7311
44918
22689
2196
47020
44598
41407
36795
28654
35033
15028
16885
14758
43124
33023
18473
8997
30253
9601
20029
42569
6192
45376
26761
30297
32579
35117
4549
47720
13008
18205
39399
38428
12923
10749
17321
45708
24532
16425
34679
20789
43215
42268
25408
12813
26213
1865
26617
19220
6898
6338
770
45755
44430
3780
230
2614
48338
47850
3168
21766
44085
44997
31498
5926
35010
33579
45562
5791
40808
11778
19887
22790
34601
3166
31177
9266
49591
28836
28749
36510
31483
15016
25598
33355
3520
48654
4647
34814
40738
19970
6194
36230
49463
12814
45087
31497
44373
25850
9374
576
24315
27928
21694
40014
16417
26627
780
3081
42542
33770
30820
28443
22410
47140
47990
47408
45272
28407
36127
11069
6013
41843
13500
8531
44411
46003
33936
49429
8582
21963
21238
44276
3743
45765
44471
32828
15167
26955
27701
6748
48215
39261
39568
27537
28864
7847
44137
1446
38822
41379
29246
13895
7081
34701
5735
29898
32566
197
29210
40452
11559
19871
47328
17667
33833
718
46409
4171
33088
43054
49955
30207
16350
13677
39010
18300
48102
17996
32705
9236
16900
10337
10897
10492
33476
42074
19064
17785
37980
30278
25627
30494
566
21307
20466
9890
42491
33677
6050
20704
23111
15014
14785
5945
7494
15098
16450
23067
11841
21691
36708
514
41080
42602
43738
26490
20735
5042
9193
49099
35269
33500
12535
38614
44070
36709
27559
8090
29457
30114
45912
10046
2795
34026
44598
4937
3121
44483
43653
9331
9426
7670
36965
33081
31884
9626
21029
26900
25771
28843
13646
36405
29267
25119
18101
45801
28064
37052
9896
29053
29180
33981
10122
8783
8983
8619
33466
27948
16257
25743
34763
4170
48928
12214
17851
45843
9664
26354
801
35727
26104
13190
27053
13404
5035
39755
31132
16984
45974
21024
17227
49775
74
18632
47828
34914
15434
19527
41970
31740
8613
40203
14892
8499
45053
11642
17977
23516
38040
26648
19595
14192
13111
33679
16615
14670
49890
11771
26294
49185
20983
42123
3897
23105
36694
13266
39383
37649
47766
25808
23531
48152
723
1492
2505
8207
21493
9525
4056
28249
39152
13328
18241
36543
17652
36972
31135
17149
43961
33210
40677
409
44844
21047
19056
38564
28313
28324
11299
6922
1043
31062
23013
34635
8241
25477
28823
11405
45628
26920
14913
46727
17699
24839
22627
35057
30358
36861
22134
10711
31991
37441
39360
16226
46728
15869
16405
28604
9389
47755
41145
38366
19723
45682
10065
28090
26421
39056
39178
2518
16681
27744
17314
30374
26397
40244
17080
21512
32244
17184
36809
47718
19844
46896
32586
37987
6676
34345
44168
15668
5245
47440
4401
16121
47504
28484
29768
37540
11287
7515
5073
44973
12131
44469
17012
15549
16899
46044
6981
35861
30545
35920
5701
37178
32421
13587
11619
19002
32616
44293
9284
18898
6440
13056
3799
45546
18479
13826
2826
23309
15918
29283
38928
43039
22315
31731
34642
4873
25700
16707
14294
26959
15042
42686
40855
39564
8158
40259
2459
30644
20842
41189
21888
20571
43045
43002
6349
38635
4938
3771
37389
11962
15665
47675
3764
33689
17777
28400
8932
9622
20099
11471
18576
17881
7854
30330
45223
28345
27403
10908
34203
4816
29871
2129
15655
14925
19960
42
36275
24950
41034
32396
31197
42688
16587
47962
27433
21134
14360
34886
34645
15825
43653
43644
14488
13597
48350
48384
37670
27958
16298
30285
11143
4938
26250
44488
27095
10600
32822
32404
11470
857
30997
16233
41764
6379
16094
29686
862
9902
31084
23910
37374
32162
17839
36053
30362
21450
29935
34084
3281
10926
15257
45858
3249
21131
762
47738
23131
28857
5390
36556
47712
31337
2175
15558
3350
39642
8924
19493
10330
6295
49278
44863
35200
7344
26687
48993
17290
3453
22016
14127
15540
46453
34350
30017
26733
5348
23198
38138
30588
20644
49675
14328
26002
10865
36065
39463
24496
20660
48414
3314
7993
6554
37392
39115
46501
24094
34373
13513
37439
16684
7406
12436
49722
2283
22552
15684
27869
11729
23955
2440
14390
21323
15364
1501
48037
29860
35716
7276
301
3197
27822
885
45549
29333
3418
37141
21771
37421
49696
31853
49066
42025
38699
4900
16344
8743
45067
35486
23457
1689
47315
22229
48499
9400
43499
33097
13278
23639
10304
32846
29040
46903
14301
17827
30567
27934
24347
32440
27337
30017
33654
21973
49196
31584
17526
49741
41796
7309
12404
40967
37807
22360
16354
43887
33126
21273
4875
7469
4323
13027
7879
8581
18050
1787
16381
23234
26032
30042
6680
29075
18396
34888
40849
33918
16615
19695
20909
21817
8928
2071
42852
2503
49390
47809
44001
35200
13424
48958
46216
13895
18267
43317
21300
35896
20580
11920
12751
5695
42327
48470
37454
32557
2246
34889
11736
1812
34350
21964
30411
20130
45044
47053
39655
27775
16347
46439
16544
49948
48775
9779
33682
14609
23945
14332
38803
17928
34002
12517
43
22021
20283
49768
34664
19231
2505
9380
46712
28430
24757
39475
22143
27615
11161
42146
44256
24895
10367
37169
7655
38755
44916
39301
23240
14941
1452
43357
25611
21617
42129
45393
21386
33372
46317
35011
36408
12801
46452
8594
20356
29321
1264
9034
26335
28623
13000
47167
24938
7001
2398
14576
23240
26342
21979
14304
16835
32257
41210
23335
39956
41655
2281
12407
32376
4483
8658
19112
17857
11412
38744
25647
33791
23244
19720
17942
11466
40583
38485
37707
43500
19006
16555
9024
42566
14219
28548
35427
16573
24542
40629
35150
14974
45332
43697
11930
2981
12074
46846
1577
6669
37036
37032
49302
40556
47927
10838
46840
17723
27847
41487
16791
30021
24836
16500
46197
24186
44011
14528
41105
36380
23590
1246
19483
39933
14486
30962
12049
20656
31796
16854
43215
440
31677
295
28129
16257
42931
43684
48706
1561
38012
44205
42808
38797
35346
43238
26824
44579
9908
30945
38854
23063
34019
14011
35557
3712
14218
17225
29070
3760
44560
39906
188
23360
7681
35734
2429
27303
9334
5665
27978
44053
3893
45527
26165
43572
32272
19471
17368
23403
3918
17329
44664
8556
19778
18107
24145
13894
42264
25480
8129
12898
43876
19572
44660
40797
36285
36637
33389
27231
971
10390
32802
48259
46965
37192
26011
6313
23771
24979
24904
4739
5405
47599
45319
40477
11959
31604
24172
4687
13176
15281
44217
27917
23380
45357
1358
43471
43116
9881
31
14169
45696
6399
24448
26221
45620
6793
47070
45576
21379
21082
13185
23104
4099
26578
20293
6368
38784
31904
26414
42318
42043
21566
41916
15023
33576
4776
3195
33934
40876
1848
49008
15069
25717
25276
19863
49252
44685
24137
30281
11051
4151
13674
8559
8833
35752
39453
18059
25326
25173
19132
40972
20431
5887
18552
7714
32187
17563
43413
15548
48283
5360
18576
7846
39495
23314
37048
6269
906
2724
29923
9020
14145
21291
49169
34502
22338
17784
5406
35420
12622
23830
40263
39814
33354
43027
41397
24366
5757
36433
22909
32742
13846
38456
29892
18885
42859
21131
38759
2735
11801
42078
24553
34487
30726
20715
25722
37381
21053
23221
28396
23165
26480
17627
2103
13715
47869
20976
28603
28511
20928
39256
28560
6197
45788
33151
28039
27610
41610
26283
30781
30060
17320
7265
29217
29220
27783
4267
48002
15644
32527
14651
207
474
10390
39511
19889
26652
15218
29707
3570
1167
10266
33612
26369
7725
16205
15270
27558
33849
5710
28833
33263
49292
34553
39566
34136
30058
31240
41233
29939
15448
1187
20990
422
26902
41566
37387
35424
3987
45868
15854
4326
16595
31880
36713
15970
19157
9775
29562
47681
17465
8757
49458
30320
32383
49611
40885
4978
12921
20668
7392
5779
24104
2563
10188
15098
41809
35739
37690
41959
32275
36189
48227
42363
25664
19913
27158
28996
27002
16467
10340
43678
48867
34482
28639
29744
7285
44807
47022
38793
32913
49837
26666
17061
9187
27291
29410
29700
34848
5306
34828
3994
385
14829
41498
35574
5181
43309
13489
39666
19181
2372
40322
27144
35776
9053
13550
33422
5534
48398
8890
2300
42616
13983
45799
325
25314
5711
2182
11683
17168
20788
35701
7199
2797
41627
9086
5545
18166
11024
26708
26855
12353
44775
22782
37221
28855
13635
49998
31468
25733
46988
25677
32410
43201
33987
22871
15762
12429
32669
39647
14199
524
16309
40234
46866
38852
8131
11130
25053
15762
38694
30521
49722
48340
24228
19019
11528
24474
17464
29387
43227
25463
4149
22642
43781
2311
27074
28091
27340
20314
18909
36847
16641
10725
24295
18363
27021
46730
12594
10817
32001
32152
22485
31231
18886
6031
20119
34879
14076
32548
461
46469
5942
22086
5634
14664
1003
39398
48291
7874
8039
30530
28921
16668
3354
11963
38199
850
4409
15766
1412
29893
10590
14839
14036
18160
44115
40956
7066
11723
13735
22215
49553
166
24262
20579
35903
41550
28668
8057
46732
26342
3131
16065
48031
29747
36266
13723
44746
19408
13000
7630
33705
10021
27546
49131
9929
31527
47877
30700
43251
31670
7414
21837
12523
35877
39580
44247
32980
13253
19167
42215
30986
40601
39618
37093
46974
41627
45312
44369
21425
6297
16913
12746
49754
18477
32760
33006
28110
13065
1025
5185
11325
45453
35038
15801
24083
42538
28491
36679
10333
35620
28207
37638
20323
11929
9480
30760
37116
39289
16931
1728
29402
34865
3336
7807
19619
35381
12605
7310
41224
46956
33852
1665
26275
23555
13077
23624
16718
15169
19585
14452
1570
18258
25772
33543
40320
38644
21848
37030
34038
17318
9097
3916
2439
38319
16710
38487
14641
31612
11801
19605
7223
32532
14563
39037
37215
2868
42090
48158
22898
23944
12660
4717
8123
9066
13869
32719
26129
36488
18061
46212
37348
18997
32500
393
26272
38609
28422
20602
10173
33570
24159
28310
40047
17591
21682
34586
27839
46596
46910
4444
29546
8739
22699
29914
33312
7166
10572
41734
9244
29035
8590
20733
46862
7056
20592
9563
22145
7109
1326
25284
10609
44310
36205
26913
1592
24264
19672
22634
32
39111
33833
12666
45457
33930
13018
28032
37223
2346
15033
38184
4060
21878
15068
6203
8624
30540
34560
25303
16597
29296
14762
27335
35322
35256
47462
3042
21792
9752
40841
33386
15389
5332
16464
21101
46843
13339
48792
22897
38950
46375
31913
678
37890
43121
35972
37047
20591
11451
38044
42191
27798
10681
26874
41523
2649
12835
47102
14732
16304
9951
973
35199
7819
19118
38648
25854
31598
24886
29371
8785
20430
10111
10147
34920
35493
40591
29084
49699
44560
39852
24817
18274
8644
35935
30792
46914
44029
15266
49510
5057
19554
47720
48185
27687
33690
4013
39750
17538
36456
29425
470
1466
20909
2278
44418
17706
1934
47255
35681
8501
39997
30828
34149
24178
39804
23370
45439
8183
25226
44773
40538
13436
6242
9098
32642
37651
534
42506
3255
19852
40447
40895
10427
29599
44205
6163
22985
47393
34081
46069
3834
9810
5513
32653
9123
26933
16614
29955
26911
21343
20669
4208
1278
7106
38822
1532
43995
37303
15650
17677
9529
1874
42792
19508
7773
30595
16831
18719
24126
34526
6119
13210
42591
7582
34933
20059
39285
29148
33763
25951
49999
10031
2007
8841
22515
48726
17266
37562
48892
48921
2897
49940
21904
41811
18977
12234
4018
12420
525
26718
41599
46919
15054
19591
4334
48792
37583
41941
7208
31726
43759
2536
12458
38310
501
49703
31284
18600
28332
47504
31298
6519
9601
22145
28740
47984
37748
16760
25527
47896
20650
31962
632
37450
11989
38866
34686
28996
32197
36653
49149
48645
26647
42007
4716
39540
17208
20662
44042
12019
30027
46971
46789
13918
42837
42997
4968
1894
31154
21407
43673
36627
47237
37023
8698
46365
14716
39601
48098
41478
49909
28984
16813
22649
20857
17064
22180
5839
22337
31568
13284
18243
13091
18212
25947
26665
47571
17883
30623
6574
9681
38002
24832
19814
20350
38676
41305
41120
41818
34151
15311
8950
11887
47064
18044
38352
20094
46864
9093
26877
45512
23550
35015
20827
34906
10657
12441
43669
22452
39301
23684
15871
25249
17554
17086
37152
16316
15488
22711
43643
44191
40942
37493
4992
40158
1028
20853
38487
41890
6873
20406
25727
13228
9612
21547
1301
14820
29865
8973
36047
3259
30398
3310
13342
48936
35894
14796
8040
12931
26968
17113
45285
5189
41262
6978
40904
25763
12638
3178
20845
1397
1923
29965
15415
2298
22650
11478
6564
12908
14376
23470
32326
48945
26224
40399
6896
43684
48961
48826
20923
7747
19401
19799
29366
12893
19105
20743
22945
21888
3877
31491
46181
18352
374
45091
12884
17729
31085
5101
29826
10689
47839
12994
9687
3580
41209
10215
19188
129
40334
26019
27659
27220
10632
23093
15095
25351
16656
33877
7529
30702
4222
24656
13226
22947
28423
30899
39608
37867
12508
40134
20053
25308
30349
47064
3764
7880
39136
45454
30614
44247
3596
41550
35580
38533
13019
1360
33070
8062
8507
467
11451
20259
9322
35210
40036
29729
36383
17958
17782
14889
14676
8306
6770
18710
41755
34662
13676
40296
21743
26723
14053
44587
253
8267
15332
22076
27995
11020
1277
32667
31421
10091
34262
27605
13750
41495
23183
25567
14197
43378
6318
12266
41884
28036
6240
44015
11498
3210
11607
46090
18718
25590
39149
44213
4006
15438
47135
3135
49814
10886
13163
20759
39108
26459
23796
38032
7288
37005
13861
19827
8693
39161
49506
42669
6711
10754
25967
9545
49751
46822
47522
38488
26315
37705
38168
23582
33315
12745
42540
8565
37379
31765
2494
46026
20205
24871
29687
21548
48501
45295
18257
39402
23132
13
32341
35426
13823
26712
25691
21677
1675
45602
25372
87
44853
4900
29752
42298
6147
1705
9063
3947
5193
21052
15170
18033
8106
46472
26331
19345
461
31246
39151
5060
48240
46071
2042
23558
21038
19251
4380
1404
21884
37065
39422
3105
34860
38108
19962
43328
30705
33685
23128
23047
2267
29861
17130
30241
29502
34247
48799
38236
39614
21462
26245
20722
16176
22368
40701
25653
30117
11408
18927
27293
33109
2205
34708
4871
7702
36938
32849
31721
14284
11866
6343
27299
24487
40095
44955
22319
2758
25621
40759
39361
48465
9041
18018
27331
23105
13201
18845
29623
44529
23336
34942
32996
31983
1307
32420
1991
7299
39225
39003
15790
45084
49276
23630
47280
10378
30899
19520
17784
8516
29526
27675
15253
46302
4250
132
37059
21514
36840
29513
36550
45866
19753
26419
35423
17577
38381
38866
8257
17681
39812
5491
7304
24657
41798
37351
19795
6151
29872
26004
28427
12105
4342
36789
39451
18460
11955
40362
20753
22160
13492
44140
25131
8732
12182
27839
5739
29124
44993
17300
32269
2937
17083
39375
49457
12735
16728
27646
48528
49442
43729
49731
38921
31065
41481
47957
39084
14927
7185
23423
42851
45444
46963
23194
42814
15115
26919
35622
41860
16823
18160
4623
34297
18835
42058
49714
14151
13892
45680
3770
31363
32695
22968
2995
35700
16693
23625
5593
32870
6731
6178
44463
43882
7346
12976
37164
14083
41773
876
41030
33352
46985
8324
7166
48767
36732
877
48031
43272
10570
42336
5267
32306
42416
49749
41577
35990
8619
12044
11256
21044
7707
23953
19176
14410
2984
29789
10304
45308
14890
41566
3506
33788
22568
1825
17093
36472
40186
9939
4226
30694
23715
5060
23308
26366
46623
4921
17515
17045
6698
25302
29613
28202
1435
7800
5766
38459
11808
45674
36816
17376
33099
13388
7364
19529
5333
19826
1527
38627
37181
11413
48752
37666
23632
14070
21645
48186
13314
47131
22709
44723
37098
13792
35916
15408
48542
15758
35454
16691
46344
31089
34951
15792
38078
23168
41206
20373
28100
33287
24276
2348
29007
41221
38622
20011
40836
20308
7778
33803
21885
39684
24790
40659
13769
21916
11579
3123
32957
37538
17361
4499
24633
4226
21757
5501
39944
3957
39757
12309
44601
7758
37264
2610
629
37696
30673
41181
16926
33069
414
1637
24
2891
24229
36624
16174
30838
7319
39680
33586
26670
5025
16589
45128
16800
25665
47720
38331
37749
48755
22127
18152
15086
21671
35723
11695
43884
6564
36387
22829
41020
7607
25802
607
31905
26552
36883
39845
42338
25108
39463
26811
22472
48195
45735
39978
6325
40795
36706
3459
32393
25871
38116
14743
3410
9686
29823
7803
13760
7736
4315
29295
21733
25191
33676
31910
25268
19343
36110
49521
48916
9462
18210
20689
35134
24693
25277
1706
28777
4877
6123
29027
28093
35911
24197
35191
7364
13084
5623
33330
49362
21233
27652
7479
44148
22071
36940
10594
47427
24193
49616
14771
40213
7882
33108
21363
16725
23302
3255
7719
47535
32845
2221
11048
20025
47620
2711
39351
24194
49979
20273
42194
29221
41616
9311
46743
20964
12133
16092
42053
31389
48587
4321
14265
21189
26269
26272
20320
35110
21539
39528
21110
48786
5638
13435
31087
9658
36114
34611
28794
13522
1444
20643
47801
30095
47634
24812
1774
13788
15244
44698
37525
2686
28708
6948
5095
32699
24270
38590
46559
45590
36114
37665
868
46832
1988
42406
43004
37864
18112
41827
39015
21264
20270
20159
40519
2821
5375
35353
39705
5763
18983
9125
20601
2877
17656
36654
45120
31463
20456
44680
32405
40059
7234
27879
48828
46294
6326
48468
40974
8636
35004
30336
8497
28121
7129
47882
21010
32231
648
22316
8853
41036
25791
3378
37473
23310
31162
45749
21181
3732
37694
13789
31897
41007
32621
30104
9435
17426
32534
18866
7186
41734
39829
8594
37790
43421
924
14821
45967
36418
24611
37750
29962
45093
36967
48126
45651
27031
10041
4113
48864
16613
36106
18271
3764
2390
39556
22980
43351
35345
31844
8496
3038
49353
20951
15849
48654
11524
42825
25628
19326
10768
49456
30775
15865
24300
38271
19392
19223
12361
5764
21284
45636
435
30777
49168
47008
3909
17631
38407
10962
12308
18028
36862
10559
25701
48428
10530
7689
884
18911
1558
43225
10253
25659
28337
10362
39066
42443
46919
21994
1755
19128
9549
14970
38050
41599
38717
14051
45159
36535
37498
15602
16822
44143
23321
36727
18868
26714
48446
13519
18146
33213
13858
12940
17859
4068
18256
35617
41541
10835
45003
49253
46062
12408
21839
48904
23088
9693
16488
16038
7234
21855
10148
42459
39470
5371
38141
44178
4323
12573
1181
22876
47058
35508
95
138
13829
34538
8310
12035
24195
26505
18982
8907
29765
2670
20143
43260
43171
9539
877
25344
33876
6546
28223
21246
30014
30382
26859
18989
48003
39800
10095
32184
43272
5177
2550
2092
10090
15427
17385
1206
34459
48615
20451
24589
19156
11404
980
10421
30171
20358
3619
10985
4300
1922
20522
23712
26997
35334
14513
13151
3943
7997
30489
35552
24867
34125
25966
35432
21284
13634
31833
32999
18493
41490
48535
46374
34863
44846
33468
19192
41215
6580
49098
5813
33631
2015
30202
33820
48724
47330
17480
38971
11003
39780
19576
17039
38456
9540
41511
41418
22260
24505
34205
23057
28032
41466
37150
20954
13667
31954
26837
17268
27653
5475
6157
13261
1189
20050
2710
17262
17753
4073
41591
8148
18602
19881
13566
28855
18724
3102
17796
31551
6945
15114
10208
18996
36526
43702
44787
6842
21113
37285
46058
34465
20874
1001
7375
37017
24682
26154
28498
7079
39394
14780
45469
7003
21398
13745
28762
42650
9127
30786
18344
32102
45961
42955
27308
30619
31891
14973
1229
25184
17724
26015
34658
40437
39914
47532
7462
43632
45686
23772
12730
12683
21471
23217
48712
2065
41765
8013
39161
10420
30010
17606
25126
12890
14287
29564
25200
10820
17133
48709
911
12222
38620
28573
37024
21183
22201
44471
16971
42454
46617
34616
8770
38705
15978
43811
1472
7960
35380
5147
30859
108
9212
6082
12570
22220
40876
32335
26824
22534
2602
7965
6275
24251
34739
28151
20667
24470
34168
3749
49043
913
24923
21201
34671
11398
12937
10612
3776
11827
28360
9853
21648
40343
11947
34074
41047
7715
22242
16512
14217
18485
21565
4848
49673
9180
45595
23791
45849
34536
21640
32950
34811
17875
19204
44181
12944
23611
48366
41854
23148
11726
18954
21944
34767
34810
42095
13163
5211
2694
18198
41532
17631
23809
32426
3746
39220
48403
375
12407
27962
48848
16834
33587
34622
20825
42899
29759
3394
39753
27172
12207
36776
1450
27154
34205
18268
25448
6729
24451
5752
42581
38068
7529
14355
12730
232
9912
6105
19303
2471
30611
5371
19917
13380
30049
24720
23277
25987
15996
22414
48298
2134
7311
5550
3872
20920
8753
22894
27610
6144
16203
34612
13760
45607
7223
35882
11792
47067
17675
22271
5645
39060
13013
24754
9562
32659
48172
14184
40283
32073
41856
17877
47463
20948
25607
1350
35346
47447
42603
45622
10033
30015
19271
4231
11800
841
17870
16306
17547
36875
5885
38957
4021
12671
45935
14094
7902
48566
4275
32842
31007
15891
16284
8502
11985
46266
7548
4386
12326
1292
38165
44568
38875
46471
40734
46451
42664
21120
26829
32083
12495
12626
40481
44532
23261
43177
27670
16539
49758
9391
33534
30631
8948
18119
20472
27902
36559
20743
49314
17093
32150
8429
16571
48709
33576
16865
46033
34717
26806
11066
40318
4013
45676
17860
16106
20651
4920
35002
39677
42006
31402
45260
24663
40373
46605
42930
26989
3648
32925
39152
25508
47209
19307
48445
42942
36519
34997
15238
21299
12012
15860
8582
36533
44387
30899
42980
47782
4344
23465
7103
2850
18772
35344
19315
36699
20778
44746
42561
43579
2703
46235
43444
41395
39869
36300
44978
207
23505
49636
33365
30098
46470
40766
13800
39223
15604
18624
46807
33200
35171
1178
4448
33888
35091
43441
33420
14973
32684
12256
49091
22288
45657
10416
13865
48202
12191
19289
34005
22865
410
23691
32466
31851
45637
37145
38994
13976
7321
49135
40324
45419
25495
45289
5568
13709
11093
37777
25738
27832
10150
30700
18730
10689
37254
18729
34424
9101
48555
3011
25439
17374
5388
49360
22337
11812
41679
3813
10796
48144
42631
48993
40390
14600
11923
48193
8362
8755
19587
18545
24981
19553
43074
45269
31778
10888
41785
37009
46963
30408
1936
47235
7060
2759
1887
12086
14095
32678
41251
8838
43623
6323
16127
3
29071
41756
36002
48206
18540
10848
49012
13675
13972
41432
48307
22295
11095
33604
36116
29291
26728
45089
27143
12366
13585
39746
38979
16191
3374
24365
39748
5026
24768
34116
44023
38196
32710
13475
21524
15190
12587
35272
31751
34816
35815
6553
7431
18333
35825
1624
49415
93
34811
37607
49470
23838
20685
39490
25749
16169
3609
188
32004
1716
12594
22687
6918
12740
49568
36047
17538
43177
14659
36543
46964
3350
31071
49693
33137
48534
4491
47540
9996
27087
3845
21026
30185
17288
28702
31033
49017
35254
43648
45657
3610
23122
33743
45156
16355
4581
17547
47458
41621
23061
2208
38793
18938
38823
12391
21214
27604
29265
43375
3683
37074
17425
36482
47110
26382
25764
45180
7966
34925
37765
17367
49689
40547
46113
47908
13790
15887
11307
35296
16551
5629
49556
11784
32197
24053
37523
36324
32213
12380
2505
13405
24005
44731
14930
5867
40515
662
17232
48215
34139
36575
41586
15053
20131
4625
14133
27354
36424
32724
28581
24768
11893
21391
35640
18375
1105
9536
34656
31564
49264
6754
9332
33534
2757
47160
21532
47959
31996
18412
1062
17843
31291
40569
12458
31894
2001
43696
41861
33433
14653
28097
1187
17556
47042
8329
9308
26243
33904
39208
13283
176
21514
10878
9157
28281
28878
28624
4553
14265
36906
40255
36212
14744
43378
47010
44850
12192
21126
20988
23731
48352
20274
45804
24579
29707
19008
25706
15073
42025
20609
10775
15305
36282
44552
1441
27887
22053
2082
47084
5277
43105
40270
34465
18001
44903
47057
27986
3413
47906
1994
43896
39748
26124
13464
13478
49623
909
26290
28534
13182
45905
14034
42315
885
18884
35218
3162
38407
40222
24372
33588
47378
18821
22967
34340
45614
21916
40875
27542
22176
11083
44968
29782
25777
31651
7742
11526
17046
32479
32069
20042
21264
1887
11407
26761
32837
11300
11279
19914
9989
44782
2170
8037
28215
20721
41780
3219
11855
27095
10027
268
26767
18877
12085
24512
37296
9982
20169
17680
32121
34766
5612
7464
46477
33840
6036
45131
26047
2328
46711
28611
33832
27759
8187
2866
40080
10328
40407
24244
23027
49239
42193
49369
41277
12406
8704
47893
37620
46366
13656
48895
6221
16292
15039
776
17431
4619
28412
43011
41996
43754
46768
4255
7779
15144
40520
36406
43024
20157
3514
2896
31753
4719
20918
29722
47476
31975
26675
19324
39334
15806
742
40793
44797
28890
40678
13488
39257
21213
27412
23139
44959
47111
43401
8152
47602
7243
40769
2558
47825
45620
568
12527
48405
21650
36555
33225
44299
42022
44752
33318
4447
44174
17551
27451
28062
18664
23931
22036
38026
24933
28718
37184
16298
12796
42611
25034
28208
15062
49071
21862
19651
41613
45230
27781
16165
10375
36085
24504
4298
31456
34692
41016
4152
6014
3997
11030
22730
28176
38917
9747
19995
43351
40323
11412
5159
3451
33095
24390
44838
17457
35316
47323
15436
24038
38273
4929
32671
22867
11350
21907
7979
10756
44408
32554
41991
33655
14917
40538
43022
1066
37389
33605
29285
23893
22212
31813
2645
45240
2583
38852
39810
45453
49590
6648
42509
18796
44714
26771
7921
35385
16201
23211
41330
11376
35849
32159
23346
5308
21803
17515
5081
31212
18295
8522
49721
15309
48155
24056
46943
22500
49277
24059
13784
38422
36437
29495
21441
18446
2070
31072
21396
29028
44112
34157
7933
11155
42717
33392
6947
45954
18211
21557
17948
10742
13967
22381
18252
36733
27376
42464
39288
33037
12876
39009
5624
29627
27024
42113
42813
22840
22211
7857
4638
37735
18099
33484
3705
42989
40151
29585
36168
26620
4205
28510
38370
27705
18945
29060
18020
6766
22862
8852
22823
6178
33256
4402
32996
38245
2148
4812
27040
48310
7150
2882
10073
25402
15715
31267
44427
25092
46689
27137
1504
2213
38200
21602
19092
3583
29307
27832
20688
26247
39287
3383
12696
43637
37889
25906
37791
1304
6937
3575
39214
37958
21446
30227
933
38375
6103
40626
38684
17429
46238
14889
20787
23045
33198
26681
6326
5741
42679
29272
3983
33204
5416
18873
22926
12888
8902
23685
35567
5642
23859
18843
13816
28361
40724
47318
24488
48702
34324
41649
36812
49540
20579
10874
21704
23914
13148
35848
28103
3271
48535
47543
9780
33399
37105
6118
30288
33087
5616
34460
1059
11418
23297
40161
15598
4273
15969
35231
2878
26472
3649
33349
14546
27070
49008
41783
41339
27938
