50 40
2 24 21
2 39 39
4 30 31 15 18
2 21 3
4 21 40 39 30
1 20
5 20 30 4 29 25
3 39 9 33
1 32
5 27 22 36 2 11
1 9
5 35 29 14 38 1
3 28 22 1
4 18 20 29 22
3 5 11 38
3 36 30 36
5 9 17 35 10 19
3 18 31 7
3 4 36 30
4 24 12 9 14
4 28 2 2 27
3 13 16 2
3 6 37 39
4 5 26 15 16
3 25 6 36
2 9 31
4 17 6 7 17
5 27 4 13 29 30
1 1
1 12
5 3 1 38 8 5
3 14 12 12
3 17 39 12
3 30 15 26
2 21 3
3 7 6 11
2 28 13
2 25 16
3 19 16 16
1 13
5 39 24 34 29 33
2 40 10
3 6 35 40
1 37
2 24 35
4 11 22 3 29
3 19 7 16
1 14
1 38
5 31 14 28 19 6
