100000
7118
13741
34708
53150
1878
67571
32506
94582
71208
85540
22637
57855
36869
86743
41773
89721
6044
72486
56272
78564
65444
29659
98420
61333
39113
49659
52103
42843
82945
65933
38643
83865
67146
79231
19479
81108
64145
25766
24835
69105
4779
96943
88353
50570
90828
32060
73814
68581
98154
80261
50646
66123
25779
37028
36639
42161
36865
68819
94546
70101
62749
53878
2304
85596
69526
33487
40160
9068
6426
4004
17608
33774
96053
84691
78883
20324
37493
43653
83902
29987
62460
84841
66500
77517
34692
61976
63222
51980
763
73282
79875
3440
42869
16482
82009
43329
15432
68379
60203
80604
10725
86002
58101
69283
7744
46454
38780
23341
92475
68475
76414
44235
39313
29158
98779
8554
60397
96295
13113
75806
85157
78259
84498
4723
30932
29154
13930
34834
2784
73148
10065
55661
95966
65320
69807
12376
4601
38895
85184
9964
43817
69499
44739
50640
50868
50656
57155
72024
86114
96225
12762
64372
92082
98358
66317
70617
99442
9409
91602
13232
8250
3916
13518
74784
31328
99902
77140
39843
17140
57233
1240
19906
28621
31898
19711
53962
58103
87813
58346
74741
34234
77077
47373
13222
21381
79029
2596
33968
46232
66577
73770
29388
68253
75911
40867
44512
75696
76932
18879
3530
50675
9627
56181
41604
79794
49867
58230
31163
44519
79097
2906
59121
76533
38525
60103
73281
17010
28472
97445
45233
99309
91125
62404
81392
89454
43373
73453
40038
82422
66088
2728
16374
6070
12601
8200
11380
36616
91696
70185
89734
7816
38700
12083
48380
94114
17814
48379
87629
44048
90858
36969
35788
72909
58692
9585
90777
92497
95342
53676
62757
12168
88844
98282
14982
25756
63087
89044
25250
51737
44980
52798
29615
41718
48849
54232
362
42219
47044
6712
5346
4526
97252
77457
95674
21793
23097
16449
16471
26256
55423
19190
97120
15697
35980
50422
36575
88321
73175
16773
73568
78801
33460
55008
14161
88338
15136
29415
22836
18880
68196
68025
13962
77341
86394
31822
54268
70336
65773
50261
55705
71109
26160
91271
71615
36809
89384
88604
98984
9141
34466
13238
3637
9410
12765
82123
25072
61616
18800
71277
37483
92561
43410
66751
36456
21036
25596
10407
65603
73957
37573
50005
65104
90905
37625
20887
35732
82178
23404
49245
68886
17180
75421
59183
46956
16514
99374
83534
16137
72188
37922
76493
91212
56073
45008
46056
17302
86946
12897
75594
61365
98722
82032
69097
64692
77674
33045
497
38151
55609
62032
92024
85302
68583
10003
12089
59446
48816
54098
15569
78206
93444
76232
29836
8763
45764
36357
57562
4628
4477
20391
36773
50037
94483
89785
47922
83210
89836
97345
72001
36920
49256
82136
85836
70985
61283
23956
21163
28983
21318
91519
83645
21005
8027
40927
313
9846
56120
86145
50655
98380
73280
85766
46439
94746
21319
54277
72404
62134
94490
67291
60710
2106
71596
6436
30328
41250
9917
83242
9096
47542
88241
86962
39512
39673
58412
56610
11986
71507
33545
66562
89931
67223
36818
71988
38995
55820
24776
23822
33361
99279
86371
87055
52291
89392
71941
97705
73411
9122
22697
91277
23907
567
97902
60453
61496
6097
61635
20657
25280
82631
47438
10435
62732
80242
45660
50278
94816
27746
25150
90415
74926
8844
35247
23979
87374
52715
27449
2390
17117
35961
74702
89748
25702
18152
5455
13986
61039
45782
74404
57946
95205
50272
40983
16762
53664
63291
86298
3602
17953
57317
30563
81269
3824
73007
39855
41381
52205
97795
12768
33784
79874
74433
28905
25352
93790
85290
3384
81265
94868
13618
20364
21388
87333
60418
41270
96289
24984
78051
49902
73623
46223
85196
24605
92367
20413
30247
44787
18390
3119
74258
19430
93778
93856
55097
93603
86470
28598
21656
96752
94212
81619
97785
26998
43358
55779
59083
72035
98167
15417
13787
44861
16333
53189
87913
64713
5766
73349
42624
6078
58019
99359
11788
4426
68887
34243
22289
64176
10760
43475
89171
37485
13222
58815
50597
43399
7833
8082
50638
2376
74711
82706
70967
26930
14344
58333
49975
35934
84458
91074
38477
12894
50797
13956
11107
5152
49798
8367
30810
5403
92998
27897
67817
90228
99909
84936
98862
55422
34481
37305
88926
77845
20134
75707
15014
83855
90359
24843
46301
13408
64352
37823
25056
93043
70865
33082
88759
91387
8903
12949
2159
92669
53669
20500
302
80995
7380
58712
52038
21413
877
43998
84306
35950
58628
57551
47564
81340
55818
9702
92345
85376
3392
37670
64619
82264
73058
83893
39040
14487
91345
95581
49419
70354
11911
77649
52432
35383
40626
41653
1266
21997
29254
80249
6642
11497
50022
43197
65119
22515
6997
52725
70745
99952
63038
2618
31031
52604
22119
91097
17342
40709
78142
38652
90945
76496
66842
58204
41439
72431
64998
75340
17872
43921
82215
43273
46523
44332
3763
1897
19355
63334
83680
24656
92806
12578
59681
68958
53114
48599
48588
44113
19
42217
78046
50845
18082
69153
4874
205
19277
31067
48403
90090
13257
41205
28507
95874
5727
78957
83056
78081
76447
77924
36328
41284
50986
49120
53227
41618
44287
30802
8076
17087
21693
93805
37411
87401
69825
52389
16532
77841
18837
83015
11266
56726
75516
76423
57579
82323
40137
18302
83335
26853
96469
15876
80237
355
70868
17665
95084
7007
58727
45945
98262
9337
41152
54289
84015
2312
79237
57556
91110
97817
62937
16557
22237
822
75484
85165
65428
7319
99865
88909
18563
22700
34694
17376
34059
42908
23884
15337
78822
93145
62060
34491
34765
65161
31746
20376
21327
53776
68774
24466
88716
56939
21913
3634
99494
50522
87741
64200
63271
69230
59603
71194
99666
83097
19946
96538
33222
57515
6638
67466
94358
86287
46399
27884
59470
36459
21424
15724
23039
77793
76088
44424
29734
51045
51379
54054
32266
65826
45075
37884
40688
32059
58526
50264
9896
77216
32726
87524
2480
57039
82955
97499
44220
75237
49468
54396
27961
90091
98163
94151
88670
39424
3689
41268
9771
25936
47732
13134
39270
1673
30915
94505
21115
97259
8501
18823
69739
23949
11081
46423
2640
19145
19470
99816
8769
62726
49478
63170
34444
63771
47162
27378
2983
58284
7486
56302
604
45947
61275
52056
18700
79500
75487
55013
66404
73103
47438
64061
27301
2958
42833
16186
23258
38008
76197
37335
66408
69133
74761
20914
35848
24382
39275
30199
67291
66
29574
8802
9323
46788
59190
81530
25342
69541
71515
82299
58520
34562
11976
52965
58577
7961
21647
54746
60389
4227
98466
82761
49172
90605
29204
9736
72844
55465
25910
45193
20907
32373
27169
30163
2166
32699
79115
55761
78512
12208
24429
38739
42037
44501
98573
12699
56139
31836
87226
17317
76449
80201
3491
33005
35963
86212
79849
87877
84622
3804
20566
66930
77272
63152
23528
40241
5654
32829
13915
82336
78399
62015
52279
55615
88510
64726
539
79657
36199
80044
17529
82451
75189
29090
37777
9853
33211
12344
53495
33316
96192
40472
38345
63647
33769
52912
37853
8385
11504
25805
82551
11370
45408
82151
87479
33549
55350
80355
80193
9239
80911
44253
13150
17945
85046
32481
53430
85744
90504
75101
66352
90020
78000
93248
49805
26772
43582
74283
99513
21305
19058
55656
64898
13654
15589
39862
69818
40805
79236
85077
90289
79900
87170
10305
61832
20173
60125
76160
5352
2609
28798
67387
50870
77703
49708
58677
19812
79473
66419
54418
53675
55018
54308
49604
32041
24336
12024
8033
73144
86424
13708
64382
58170
81567
70828
32302
44936
68647
29880
28144
90597
48568
94249
15936
60471
74924
51806
25804
52330
31241
65323
34944
46913
17773
37565
98928
5077
10140
82286
69061
67608
59318
9584
17761
70024
37335
12268
1758
15060
27307
25114
93483
7905
33117
44584
56055
58010
51316
77866
91115
50121
41775
98636
27514
88998
74202
51643
23748
7532
43832
70414
61011
46242
81594
43462
98906
42247
44227
24917
79861
8530
45457
11506
19859
17103
17165
59490
58490
83859
79990
22113
44390
39039
56555
46644
65236
45907
48162
1337
17675
74867
86943
53196
80512
40351
55183
52675
29842
97610
72039
84784
80940
85564
59790
79727
19844
74639
97786
72647
44664
92293
14806
40284
19253
47915
41240
7049
51351
85801
81684
93322
55628
37251
65899
60866
15462
23770
38197
74675
18359
92986
6276
58661
60249
47582
82210
80358
14793
27657
4979
92583
80816
42838
58204
95131
6341
26281
10709
13994
36547
81360
46355
28656
46009
58508
69528
80633
71714
25696
92204
59878
98075
5872
25732
6952
24263
7474
17449
66092
90985
13795
46822
48641
22422
84045
74722
98574
64479
71205
16780
56912
76211
58294
567
1175
82577
48888
82160
48441
21044
73263
30107
95018
62028
44053
70424
50824
24472
95092
89383
83083
48582
72483
4500
93726
63599
74702
66636
34768
51378
18819
94483
84771
73067
75265
82175
84225
53255
26408
33024
7913
11821
5222
3395
8317
68808
25287
47267
19622
36943
22170
98135
77743
35097
95116
85260
80330
36393
60195
40014
58124
92420
7633
71622
88093
33133
64723
70375
54070
53752
73722
3028
44333
302
72466
73087
29097
853
96856
92893
16625
55017
13748
23806
55134
67590
74860
36807
21620
3038
29003
15955
52648
71180
25237
95093
5841
35498
32563
14402
50785
40824
46553
11312
79823
71294
10504
3916
82395
13036
20916
33055
26561
38287
48864
87450
82772
84710
30550
10677
3801
31144
86629
59378
97621
78787
94574
49542
10094
88938
97811
53139
18291
48016
33790
9482
76181
94573
60264
64657
44648
54399
88941
2440
17701
77599
88030
49623
88366
60914
6486
26731
44169
95008
841
28525
13041
98920
69209
12148
52064
39794
88818
72778
99033
14556
1679
18397
30454
36934
28679
6500
88696
56413
45382
84189
56000
98260
43915
54396
37996
30128
60179
6526
32032
61495
90857
59124
74992
64198
88259
95125
46223
28350
4067
62062
30087
56683
36619
81241
43098
56498
70970
71945
41851
25651
79435
12354
76732
17258
80925
57941
40689
96674
71536
49505
39281
6512
1417
48350
18657
60992
15763
20714
30312
21428
2125
97527
49297
24101
38864
97972
42367
29508
29787
8160
88340
17641
31887
97163
8462
58146
26167
56913
4036
28712
94872
53431
81681
43133
24530
84346
91189
78176
98151
12045
88780
47922
66448
66300
34147
91036
66880
43062
88989
9906
98245
19584
44763
83483
41982
76987
32186
684
33224
50807
29661
21367
91803
43976
31783
92515
73318
13082
87463
92783
41196
56923
65632
2394
12478
46357
65017
16637
5640
44797
59123
24378
80211
20637
68815
35953
73524
96386
94429
69018
7530
36666
40821
66633
66739
22643
1612
41251
74147
75978
83324
49109
80547
48252
98391
43578
88163
95499
27866
96898
6536
23711
63243
79889
76475
29027
45359
15799
47442
56756
2513
34177
96030
6570
52402
40545
22928
42594
14022
25068
52375
53564
39237
45507
64529
70278
82617
53940
589
54760
50833
33314
96497
72531
55604
49715
6683
76331
8106
49378
37072
87425
48089
32425
39730
48957
7028
7560
36390
8506
29228
26498
52742
26738
49431
97633
83615
91936
98379
15684
64242
47005
56902
43396
4476
81809
3334
27429
8625
60946
6426
63436
45367
19733
81437
45350
90393
22438
57285
97276
39736
21795
17143
60149
12415
87206
14808
68788
22907
44
55904
17510
84984
33870
58363
39173
47438
99379
77143
49802
75917
43359
27136
56774
64000
93499
32222
17392
13565
92932
60248
9090
22897
71573
15783
92739
61771
54438
65025
25869
52010
48888
50172
54003
67209
76055
84697
75656
73001
44334
6668
38803
6531
60362
65588
58102
25930
61450
59505
42598
41692
39058
59871
45738
70411
15803
89111
31403
51197
82926
47019
21235
44620
77640
24831
9224
89677
60789
55941
63744
65579
80104
53067
44047
45146
14476
11165
76491
50685
12662
64010
45874
81852
14992
20176
51966
91228
94357
53810
13225
59569
70824
64556
91492
92208
7042
75960
27984
97369
80009
18405
90588
52866
32206
76409
85389
86203
52704
66373
72458
38459
28242
66743
30770
23805
79847
39532
900
85132
47362
61494
79790
76479
54669
86190
57004
84574
60118
82166
18333
84956
28094
65401
75624
68163
88693
14026
51398
91776
18522
87156
76054
27441
32740
75616
75819
76212
5941
15033
95940
75176
20585
82990
27225
4879
5928
73409
71107
44835
79002
36336
55937
78589
77032
79667
12553
52809
66627
6908
77263
41211
23765
86987
93898
80647
41017
84655
775
92334
7644
74414
54438
91581
49951
30021
52444
36690
70862
29363
17118
61119
18264
81899
66457
81032
12038
82996
33100
57281
79102
77499
50624
29588
81919
23361
91680
25348
73250
15914
36454
30282
2721
13707
61795
888
45438
75886
88009
18820
84737
61591
55856
38942
39667
60347
82555
64728
57643
19753
77625
89471
33545
99254
80720
97902
84344
64644
75847
80798
3370
61152
71171
74923
83348
30957
76103
18325
39551
88389
20584
84185
4874
69857
36167
91167
52877
47521
46927
56515
26141
26539
63315
98795
39000
83886
1304
94031
83435
45145
76053
26168
67702
74634
34934
98396
89916
577
14393
97489
86302
55003
6383
43835
14281
34439
54561
76987
25875
63554
90553
27070
28041
62036
93304
27769
80388
77255
32837
13358
18480
5262
12988
25609
2683
30256
2133
5694
83559
18183
58154
75189
76627
22798
20199
29124
20210
52970
85446
87200
3862
57153
86714
12243
9702
34121
17072
13279
57797
74838
54447
46544
39641
25900
97967
42999
46374
25966
35889
12800
60863
45772
91599
82358
20474
57543
45886
63557
29891
22849
66376
91115
33439
80243
26556
80728
94214
28065
43870
68242
69438
2488
46128
66315
98198
90018
26601
73560
90681
4113
95631
28278
51839
36907
50052
12128
11795
66501
40444
37454
71809
22567
24122
74318
16049
32272
26373
56998
23589
91536
64027
31777
34563
14482
77449
91463
17102
82312
91798
60244
24294
74619
7937
43674
84319
52880
76598
75190
57384
43760
27126
56909
67372
4535
90676
93658
38604
79927
87797
72699
82189
49541
64566
78885
20252
42213
39668
6549
43680
29104
78362
37778
29326
12341
47648
28683
32929
98862
20331
11217
10641
24814
84909
28624
74018
61
84482
21795
82518
60910
44077
23376
24805
8317
90128
29168
44368
54918
46560
57742
55986
83329
33612
20093
83092
9106
90257
97169
82111
51690
61464
90841
31184
95872
1083
69695
1146
37383
23716
94638
45285
73863
80767
12812
49211
66552
1338
30934
71065
38918
14602
24974
9801
79165
8154
76424
61600
65911
90564
93370
57549
52944
524
65180
19269
26400
12852
44778
82687
6868
96147
80120
10048
90825
35301
41233
44944
66739
22573
993
84867
25478
43031
33775
24552
57126
67177
4441
28581
24969
82240
37407
62900
16955
55454
75335
37654
5888
19070
66750
82763
95149
19913
80971
13932
3390
40613
74261
41094
39808
96442
3416
22752
16291
22918
34276
24781
3061
98343
91247
69206
86116
36009
95194
93899
91016
40797
41833
45128
86158
16433
64492
84905
10910
24280
35686
28246
49695
42112
48423
69475
72563
37279
59441
75244
62229
45596
33192
99555
87559
13958
53142
75541
18255
67819
71489
24196
55400
1303
27410
800
90898
47338
85995
19955
81361
7971
96163
11843
83530
89679
21190
93198
57770
80591
38037
72910
51805
47588
30072
63053
35598
48289
82451
28414
59698
27485
90201
38671
3889
31600
96298
28101
3591
89387
23199
86924
16810
41707
76
88725
4810
62072
54737
89733
48985
56677
39769
68508
2855
37025
26460
85032
87106
37001
76392
73189
62817
50376
27902
46682
45698
74827
90732
92193
3338
5294
94966
99440
2805
36204
82532
73316
74631
58989
59157
38061
52962
8162
38359
60857
4683
81345
26196
69115
95385
37798
51533
5236
11323
7616
61548
76513
33757
4129
68430
928
75488
24099
55062
48042
18670
95835
10309
40389
44578
81153
15333
72335
98531
84730
51313
10869
78812
66334
36851
8264
23174
10333
61434
63503
42856
59493
96176
63349
10523
54360
37192
85804
74661
71826
85623
27814
2277
2386
79172
42223
90428
69576
95852
60174
58467
71873
67497
90173
1715
93351
22849
88880
85787
68929
62248
67646
23386
25756
79193
11407
14051
24236
10174
84968
53334
47247
84042
65122
8357
39200
1191
9787
82634
46600
22862
88725
31252
3241
5410
87781
84329
14721
29972
3059
60521
93997
79087
97929
19959
47455
19152
22712
50200
67434
46845
15381
23760
30804
94666
94542
88917
28481
54082
94064
25255
64451
8162
31559
69319
29160
57381
25358
38884
76617
73555
98523
773
85614
4293
7637
73109
27945
18966
81540
36608
88367
87013
52458
6294
16654
31820
81101
71070
80708
23346
15072
40254
26872
90528
92471
93750
31923
59324
38156
62007
27456
80184
22969
20921
77582
1406
92560
64314
51876
95744
98900
4160
66439
53149
26968
8580
9568
36581
27600
61714
8551
15440
1167
82927
80557
87969
91717
8982
98695
63547
65020
45546
77675
64888
65552
23417
9276
37275
97514
60352
49448
89534
96428
52687
98535
17024
68743
13378
86137
72039
50635
52786
26030
16524
47388
61609
25126
74702
71110
36409
77951
16513
53894
79220
34036
10665
78326
2102
92835
24667
72547
85426
34413
49740
63935
67732
86127
12284
20820
19741
83229
54772
87826
28210
27985
92104
22874
68246
27407
92737
10661
52241
37637
13450
61299
20097
53872
3637
65631
51317
47086
19306
92507
66817
53965
74152
67365
43466
48174
63620
61771
73716
91189
28939
27731
32957
35896
59637
69453
33209
26458
5560
26126
5462
64811
98718
23726
72331
96749
70940
27263
42348
91971
6363
66834
25803
27869
21707
10599
83565
86204
51903
40082
90670
79735
45409
90735
4792
76298
47387
41077
91656
39146
91404
49545
63467
64665
42656
28631
57846
96143
53654
20848
16456
34088
403
12935
30081
89491
47563
14246
83806
99280
36960
31512
5140
64233
45656
74913
30906
17704
23242
75039
44853
32800
84735
15478
86265
96325
45710
71285
54583
42645
26957
14276
95195
47569
90140
39270
31428
23110
1079
88059
87966
43638
97349
55681
76216
39419
5020
89773
89450
31813
53132
48612
73477
57222
99210
48151
75704
24757
41268
15579
59389
50384
80144
45899
56118
9836
40746
97664
38542
36906
78603
98369
20727
1014
15442
33966
58430
4373
31336
229
86447
92548
83331
24007
51629
75012
5730
72018
90848
37853
2118
11498
14312
60962
8111
47171
27707
28364
96641
96408
66483
37485
53066
60073
57915
61983
6325
50599
79205
90878
70514
31442
25257
91529
23064
23821
35881
35575
8917
71307
78480
39821
27782
64446
64462
63713
99365
75064
53609
56775
43831
91483
710
32882
72994
35745
71113
16825
48860
10988
99884
98183
69724
24580
57092
34897
94856
96690
105
38713
1972
76312
14921
15564
10674
11707
7551
48212
70372
90137
70055
25529
22321
65587
5702
37044
42947
59935
3520
44893
80974
67502
75718
39496
12260
17667
88237
81317
52632
79917
22564
70803
23311
72351
27966
50410
63837
46968
88615
89229
2163
48567
2880
96240
89608
99959
37128
85678
72669
8204
92032
84356
94375
21901
50516
97607
77830
48460
84065
32258
93826
89299
85479
77992
78581
63499
62730
81100
32267
43341
19232
13701
16763
15580
85808
64393
98334
68407
28249
31682
81353
90518
30820
37779
97394
68511
34858
15039
56142
49534
88632
34463
6466
99337
42491
56788
68169
40093
28549
89611
45158
48368
11005
72206
12287
92292
76925
55822
30364
92998
18569
54307
37611
30424
67742
63990
57589
74310
55861
90628
26991
11017
4612
86775
1628
91442
77661
49341
3598
78027
20082
70385
63986
37089
55607
574
64027
2926
76608
7200
17774
81911
1412
68602
49952
27954
97755
39398
96952
96577
58114
99354
55510
35807
12210
75541
83287
61621
9992
67620
68951
24363
78904
74560
28632
11486
26534
92845
40209
80254
79175
90688
15987
76388
21738
43607
55322
28166
32042
81030
30837
50175
24850
5891
10670
10529
1508
66299
20976
59273
29032
20029
41918
10968
31999
3599
60841
39899
1830
57427
5867
81906
64821
57022
71401
72113
35394
3352
75640
72678
35503
68738
50891
87205
83356
33677
40082
79268
2310
53018
46150
60977
65769
990
14578
56014
37634
20196
36688
87699
74221
99562
24703
65559
45112
84013
35117
27946
36046
90698
72793
78243
70060
72411
19145
19580
25157
64737
38320
29491
95399
31088
3331
97993
45098
35506
48992
26895
63105
22895
29181
72602
9554
96524
3121
7741
18418
43498
9600
90383
81285
42999
17407
67655
70641
4613
94077
97006
12197
57155
70916
31370
99477
14112
29360
50911
1729
19879
70800
81788
47230
44864
81930
23430
52265
35537
72299
39496
73672
37057
50904
99602
41249
6870
87327
46022
10095
17378
67883
64781
19091
82990
40267
48907
28328
23551
84033
92137
67369
32567
77612
57277
68191
88124
52454
92945
34174
43688
37747
17334
61511
2708
58131
17691
10573
46007
5043
12742
36508
55050
4964
72875
23142
44760
21679
59509
85633
78662
26695
60928
38352
96187
93917
95313
8726
99750
61895
54968
22454
44524
39079
8993
52832
85215
13017
2167
38592
50304
82281
45390
81477
79512
89885
49511
82436
54155
81031
20927
47580
65680
69175
24112
20870
70137
54513
51808
28448
3738
37622
88741
41661
93720
92629
47941
44278
49105
72372
99543
8014
10171
84676
51771
79258
12427
4804
78492
68206
84027
17407
26261
92067
82941
32095
74432
61325
65632
41152
4723
67588
91078
96697
13337
48753
11596
71818
49980
69217
80409
24477
73970
11646
36823
88548
13646
64259
73050
97538
14509
67126
54378
5917
98259
42326
97231
13189
2946
20251
70019
58414
71204
72778
95482
16628
80990
71334
29194
47571
85248
39624
62734
95022
69315
89570
48500
75842
43778
37721
84558
62697
3203
6905
63042
47149
24810
26532
45726
99200
74368
28871
32808
25002
81994
66758
62108
55421
20549
38908
34314
90826
37074
31002
45225
85553
311
13379
62280
52657
26790
80934
80622
82057
88349
99196
91464
63
69427
11046
78494
50495
91582
97951
69118
30962
45686
21389
93169
45276
81735
38950
70450
37722
73243
61567
10172
66803
9463
20983
6227
14399
54842
31421
83504
70069
25120
76698
3612
40370
33104
27353
37704
81899
63230
2487
44635
93407
85918
56531
19363
79233
94191
38700
91309
33529
39508
92005
11878
69707
72212
51554
81058
68219
55405
51234
22308
39831
56870
50402
84428
47061
40939
26923
42023
67386
11986
72677
79950
9023
32045
72270
38747
9714
23654
34824
39964
55050
39040
52688
26483
8354
20667
48309
8240
20711
37256
8199
63453
32637
43580
50593
58045
60975
65299
34469
99089
10987
29715
39907
90929
37320
56080
50199
12188
15463
66596
81530
9727
36924
92560
75255
52463
28528
43934
90184
68131
74146
69219
79823
68564
77795
32541
40720
87599
80241
88621
72695
93713
48175
65311
35622
7158
50111
41177
66964
79675
10261
91204
607
93880
80877
67502
92681
26660
13973
34662
46318
22675
48676
19590
52963
54467
17322
90032
60494
18952
74606
70809
25260
83573
65917
95081
32602
34251
93326
10596
56897
7201
85301
23598
9649
66714
35258
42313
48045
68181
71813
14304
80256
77695
46209
80148
58294
84177
88072
83636
62469
89934
78620
78790
72866
17830
59268
32582
69367
74410
79305
33377
33756
71016
89463
23656
31549
86095
32917
7767
22759
12204
4901
52941
44199
48163
11512
65111
50854
27960
74762
1064
82680
94008
90295
88338
60396
69623
12162
54889
90106
23110
1004
12805
69801
41100
28651
66346
13699
51459
63124
68343
33966
93000
32435
47578
14188
89724
276
57465
25344
6703
52600
9994
68805
11758
59296
53435
60123
91546
38397
4993
31993
97083
35497
59046
89597
865
47629
77394
45230
48229
4137
72498
69926
95110
87505
96369
87042
19265
73835
33382
68977
12890
41075
59302
84150
6624
22535
75463
83937
31019
3075
87730
53650
41884
57073
56248
16127
82721
75479
42510
27577
42918
3095
42113
98914
39632
4037
39915
41654
64750
15144
56492
80821
6119
72487
88782
97207
51810
94228
64200
96524
19652
75763
88188
93716
11618
41158
12988
94424
24803
70133
68468
59783
55113
30419
338
45606
6158
69685
99269
19635
2479
98680
47308
52145
90811
29964
16232
90689
28825
8029
89696
10538
81462
3314
80664
27252
60435
19159
32435
33470
48294
53448
74534
45285
80491
71605
72217
56560
8338
21490
40318
87750
63863
79780
56300
50425
60221
62395
33445
49811
63199
1084
71598
82062
17062
58827
24726
32149
44973
92314
74474
84949
19000
28369
32804
93316
7189
30741
83128
79237
90723
48147
77863
91057
93720
91655
91152
96344
45968
32894
86657
7590
36778
50704
40326
60946
44158
488
63845
16255
96328
84476
69177
47983
67827
78962
70212
58569
69958
33772
81262
98900
9716
46954
21800
55784
98148
75579
45838
97756
10750
15320
22108
70448
83031
93426
28687
59195
9794
89617
36845
23612
39943
62835
19781
37079
41985
52433
10652
63502
41730
59247
26431
94148
79918
66748
57421
4346
36107
63218
20009
22991
23440
12759
71340
30732
75236
54906
12802
83338
31453
67615
42412
1867
90201
78453
20046
7613
7142
9431
3029
36349
23310
461
65736
47617
19961
65348
74148
24474
16061
96968
93956
58360
62536
72385
57390
10575
90353
70754
35841
15410
46899
20007
71972
56821
11707
385
64654
13817
84784
24072
95892
16492
90034
81090
57903
30722
2655
32869
30826
64660
40678
10880
63943
30298
69999
56313
94076
72207
69635
24435
42818
71100
72909
59941
35223
32973
82881
81297
9008
49646
37896
10710
1292
78295
40505
82434
20631
46208
97920
34488
18637
40924
68236
79593
31414
1130
3618
42011
29331
98752
59750
24132
8927
78754
68870
94409
777
48211
17250
39710
89626
8258
91096
76917
1117
62541
56137
791
24221
59059
29742
58748
43185
69477
60383
34536
73548
53371
95179
88215
7897
42714
87548
30521
46936
65261
12628
33916
44145
32589
18869
3583
58571
54069
3439
81717
77993
2065
28481
80896
77783
99884
45144
77847
91203
54030
25392
10084
54091
37042
21852
20457
22914
26599
34105
35619
82582
93356
21352
86785
90831
88866
93813
24757
47813
84609
29727
86432
8046
50175
79077
97534
23141
51969
4
19450
49725
37836
34154
9102
49017
80418
35229
93412
1698
26877
4104
84952
79721
67966
72712
54709
39142
38971
70790
35315
46289
90894
98299
96809
68394
48596
11012
61912
52236
30893
38470
61243
77908
2255
89294
79592
36171
40337
76995
93124
31109
21768
91130
25199
25498
42438
51185
90759
60090
8333
21154
21868
66260
70625
70370
73909
99481
62696
57994
5194
84368
84133
87704
31923
42343
33938
50877
2436
25033
19841
52149
86895
92536
75490
50862
77343
52637
10440
5359
5684
82973
75685
28297
95099
83307
39207
90151
74149
6954
95563
35499
49633
90868
70603
80630
21153
96561
52549
55365
13921
26492
43956
56570
58700
94669
51728
91932
27728
65568
53235
4871
49537
33138
50931
25166
9556
70541
95252
97715
48806
44725
39402
5931
76624
14480
30002
64430
38028
74734
18004
95389
89574
42316
1433
43900
43206
59662
61592
24461
55597
24815
38801
21287
71476
51823
94189
29665
51818
11619
61160
36359
34686
74611
35798
48528
33182
92256
25095
36946
59573
64347
43266
37155
26803
53390
54828
62665
49621
86108
61642
23047
26643
59825
58753
36271
76775
10300
45543
58532
6745
67687
68077
6227
98809
13684
45365
47091
65699
64453
5332
4922
41253
94937
8773
2619
43384
88956
97589
48928
64760
41610
64150
46275
36806
20375
49303
97466
9573
15232
29872
28964
76374
52626
82132
74718
57557
36977
18916
82939
22049
29746
72287
77360
68275
93420
38677
94940
33285
70503
37128
59533
25289
79782
15075
74409
11841
8700
49187
23158
56860
50586
80197
22667
77151
34030
55774
19246
49798
65802
87610
31651
10415
66333
36120
25450
847
55801
17047
17139
82204
66104
31229
46270
90459
82305
90253
677
7571
30593
97269
99926
19714
82243
76818
39309
39109
30679
40415
81191
1471
7283
11790
12715
8693
59510
97502
92259
68903
89849
69082
10047
31285
87935
52572
12846
64566
26362
65578
1256
65862
89422
25439
12207
2258
88730
97749
97670
1582
78141
33655
2607
96106
20202
71107
8104
48472
6420
80110
81211
80518
60887
91473
64081
71050
23430
61119
57384
91415
99450
95332
79029
31102
25239
80158
82424
90990
18326
74530
14042
66688
50159
11489
36395
34215
52783
9907
90509
72951
35619
26463
83241
1421
61921
77101
36008
49822
84193
47446
23641
6165
85407
67722
11688
89309
92358
68798
92380
25383
21998
54923
9522
71160
1502
65906
40125
16854
6704
68767
27824
59002
62630
5843
8983
9740
82946
15299
39110
9797
67263
22180
92690
15646
47051
55197
68139
39671
43499
21784
22371
47627
99236
17459
4033
75533
88646
18573
10337
4652
22303
19657
52402
33653
97623
59724
70961
52046
75485
89820
81421
75849
40382
97216
35676
7349
1720
53156
51745
93704
36283
65406
80770
95433
40145
78949
68684
15215
61184
38919
30889
61252
64556
76363
41901
44589
98617
42754
74416
98707
9101
19889
16778
59962
61345
55356
12810
60249
40736
93930
67576
84122
58727
42975
76133
4420
56620
36847
80982
23830
71274
70864
98275
53766
15871
20862
56367
41366
3270
82473
11468
41774
76642
1795
3277
83367
27682
9912
26059
85517
70424
84585
4606
21084
19429
56796
95199
59429
31500
89820
56117
71568
55037
98395
79826
60042
81578
72354
84664
67606
50326
40678
76809
12976
40548
26816
44621
85831
89731
15722
87144
64937
24619
47141
35169
40596
43602
82774
15152
39999
43604
900
81919
87483
86027
6110
1838
62189
36236
71751
37922
95619
99603
917
14811
59442
34671
57951
57734
61743
424
60868
31160
23506
8776
86099
2108
7743
4659
81629
97031
62272
40843
46738
97349
73544
45526
12321
70586
53818
36899
89463
57484
92731
37552
34221
22796
67635
5467
83753
44822
8202
38502
58124
40313
82355
54758
46254
10722
8635
29005
34630
47616
65259
9313
20206
66175
74308
31548
95616
81494
60789
45231
53746
43758
82628
75360
34679
53418
80737
83622
35406
84728
99096
81662
79009
88162
57661
43310
6929
38309
89842
74307
47895
44693
40180
92325
48376
10394
45984
86617
70936
22455
97290
34124
95430
905
91436
95643
60848
94737
88549
8371
61579
58445
62208
94623
61524
59814
62397
4284
52502
45428
3955
25146
89071
17935
11039
15081
86457
28870
76991
65026
65756
76317
13552
61153
51506
72008
60995
55098
47312
73040
38705
68415
10468
90087
40774
91183
49534
70274
7460
79001
96353
91882
57554
30898
68739
69742
43533
21161
70032
9612
62422
92263
41673
49698
29588
78777
54443
29124
22818
27094
96892
29123
10553
69318
19111
35997
63278
16431
81368
22383
13766
48133
52517
12607
78340
77639
60682
57674
64755
61094
44696
88009
43547
18574
44436
25172
60513
62596
10319
63018
74876
45373
26081
67634
4199
40258
54763
65837
8614
369
86453
65071
58994
51646
9715
82067
77280
36672
50967
85714
90896
97892
26876
74685
86247
88147
53601
32913
77228
99666
24329
37613
82475
39229
31614
44193
7923
86965
78862
26229
80537
3153
89596
11359
7034
77469
87088
4213
52306
547
30109
97899
45102
45220
89546
71599
97016
99145
84852
88358
66804
80347
79962
45970
22596
11617
12267
83272
34752
85202
86527
32941
40468
7788
65947
96940
49603
18883
72267
32545
72628
10458
9485
79030
86228
94576
54466
9253
86218
92773
56343
69995
83758
85854
602
54840
31526
17227
93701
20492
10719
21260
53703
87271
87864
87166
80447
4949
54065
57273
34706
14326
66530
61093
47062
36127
75598
43894
30006
97692
86930
70511
97157
85854
19369
24067
25429
9047
42635
7869
28725
27463
65435
91909
6793
60235
10452
34201
91135
39267
48126
91498
31984
4147
30141
1912
24377
62523
41161
97075
19833
82055
35755
34830
24929
25496
3282
26846
54705
29392
80913
76549
23344
28546
83744
51968
18141
66723
26103
99719
41004
31599
60067
82229
70816
61911
13953
43272
12018
65183
68610
31798
10783
36932
85225
67406
20509
93240
86143
10655
71333
69957
55946
51726
89420
62902
51187
16609
92196
62175
42356
73561
63348
6892
60622
85668
37951
44901
91734
83939
97263
23588
10544
13223
55046
74086
47401
9455
58766
1106
60321
20988
36134
52704
56181
33418
27178
49443
82734
56122
17502
54396
62297
42696
73756
22482
76350
41570
99655
78474
4710
4384
9720
81743
25288
72229
23928
47640
42063
46349
82382
66481
15932
94977
61437
44453
95322
87992
29255
32796
82348
85663
26553
90972
32308
15552
24636
69377
5806
35722
91719
62695
47991
72881
37861
27083
19164
30735
80566
45936
37928
85616
86315
4469
79013
15502
14107
86479
24513
70902
17121
28380
15075
22178
5638
24022
10105
51132
28088
59605
87587
73638
80676
65007
14240
74780
84554
466
22582
60557
30773
44963
11000
47856
57337
57840
8614
61078
32560
71238
65850
70461
25808
66057
9447
12156
53084
85920
29824
87879
23987
39745
92647
53295
31105
85421
233
10060
50979
68400
23214
21369
39253
25111
7617
50576
42140
85612
52837
13721
62935
81133
84070
88341
25698
10401
48667
30017
72786
50253
46550
15528
27668
38660
33267
11715
37492
77721
86443
50342
42900
18442
87234
66622
42601
92501
24404
99146
91408
9577
32934
76741
131
94590
85926
12717
79073
93197
29581
41897
58030
85830
4292
48632
95992
35478
3223
85952
33332
42062
33688
69874
36560
11686
70620
11546
52839
431
96381
21181
52087
86728
93552
90196
50950
80707
7006
41152
21497
69271
22338
89745
4228
80528
55316
93001
38792
23243
23188
81039
21563
97095
94743
62758
90255
93091
23942
40384
34272
16791
31807
18417
38468
6585
85498
83138
9676
90282
61870
87535
19244
63765
26182
81873
66671
54381
17298
31777
61173
55850
42148
53990
94693
94690
70075
79624
87192
2790
77425
71247
54428
36914
68124
12379
94636
68256
95882
5181
78296
80555
43320
50433
63099
79418
83390
64265
62555
45421
56233
21184
26057
89741
80710
82966
9967
61130
21423
28543
20694
66422
84711
68747
52995
71578
56133
11166
45428
94623
5735
37754
33143
41813
57342
70319
2172
97446
71519
46053
7665
63482
64990
48387
81285
91719
57217
26477
52090
32217
80851
52632
2748
56115
18578
45310
56105
72049
67036
42348
42138
19561
8381
591
47723
43825
36638
76209
3778
89431
94074
2275
58642
91517
12054
49551
74274
68266
69256
4995
20147
56667
18317
89899
28455
85257
55284
85934
55932
44438
81497
54966
985
84460
19906
53941
20925
73008
72729
77476
28826
37140
92691
25206
5632
60597
72980
99260
96447
13521
85762
2056
48785
44985
24596
35632
96127
60492
63148
55264
92063
78252
21512
4575
87623
96395
5298
19924
89155
859
32745
54964
64905
34178
1570
87686
15558
19098
6151
62136
84383
64397
74094
65623
41879
90376
7857
5777
75549
40598
76433
87968
71168
70208
30675
93009
21424
78773
8572
47778
56888
92828
87407
12500
43737
99209
61729
84748
2564
67054
12339
59455
9180
77801
35437
11031
20202
33362
90009
43793
64119
71735
74574
14694
95501
61188
31614
8868
25825
61180
48239
35612
37944
39443
46299
8227
4231
45280
19319
33127
79680
60316
93482
90906
87736
2630
78663
73935
5314
20550
52906
51594
80558
56919
78633
83506
99509
90828
90254
71209
59655
56995
68384
7359
23630
80611
16373
42841
13272
99502
92233
95792
2779
37778
22670
77307
46708
9007
40269
12249
73446
52896
56925
15188
24868
15285
53174
66445
32967
90553
14224
38975
44756
35492
2184
12858
65764
45290
83412
43095
55392
14875
44275
7464
39572
71915
49265
7729
10272
48839
85365
48785
72399
64605
7878
10109
77711
74395
10316
11265
6011
60431
42535
46100
16595
45140
82194
98373
18578
14619
78286
22806
44186
16621
41218
16956
90393
69641
39376
97087
49218
13367
78710
84807
18414
46435
79828
35646
22347
15778
31676
65077
4022
69334
87571
77914
4656
94909
69857
16086
78165
47205
38144
17907
34231
65085
32181
65871
9232
3764
39293
20668
89947
21290
79132
95840
41296
19657
4899
64275
20781
88892
17239
9870
76757
63069
39330
94924
36822
41882
21988
43436
94555
98551
95279
43868
50499
94410
25127
47842
53349
88845
88010
39916
13609
71695
8305
56556
81611
83384
26292
34602
83364
82378
42328
15925
26174
68473
31330
94427
62022
23354
65992
75002
3152
25799
42913
24596
17573
15623
2894
2452
26247
5750
34220
82193
49869
3859
98714
32444
24020
54526
48295
44755
15756
66702
11092
49405
99835
90616
8320
79589
50148
27920
16157
43275
78218
66242
23984
74772
84656
90266
23159
84238
8118
50875
71652
5874
13051
94567
73705
96634
71684
83956
46905
55297
91811
24824
55058
60223
79895
44065
83804
46996
91611
90205
86261
33908
29158
41570
60374
39318
17654
89553
21813
36812
72768
94139
32487
27722
42068
61622
46551
49905
64028
95748
88648
26555
51689
54522
41844
98059
26314
27073
98498
25527
58596
17671
5431
33955
67135
59311
24811
84997
108
12369
60215
79510
64039
43045
21476
61441
10995
11209
61797
38368
86128
95984
42042
74315
89182
63221
24590
49439
34492
37533
16341
53803
98101
20181
47432
85035
28754
93676
6303
29686
66446
80215
36528
94536
16408
75625
25030
40211
70642
35164
72750
66964
81334
2441
44001
16519
6615
83650
86857
49815
96901
66800
38194
1837
89065
98535
2202
58635
74011
59046
37347
87799
72235
86666
75574
65665
30210
88418
93194
58225
26499
92390
65271
30058
81256
74561
39361
50656
93449
16654
55468
29508
49767
2786
59061
52405
6188
523
85684
39720
86495
20761
34942
21760
41621
74876
13472
12327
81937
5342
72620
46423
5021
17244
56966
97317
26391
22875
50138
48348
26454
39785
28099
81849
51465
87403
54439
4582
22449
18018
98591
69130
93439
87278
92575
70862
20019
30161
23442
43751
5849
38007
13806
95447
8173
79691
89056
97952
68208
94233
88898
37147
81687
88169
94635
16579
20166
81957
91699
58906
84447
24458
46121
58696
65022
7441
97301
29262
34917
59352
95842
75957
1084
6953
49034
74556
43569
92971
83490
94815
76577
94494
87907
12535
11617
73310
70868
75667
64890
23830
52357
45558
60123
28186
13236
50160
54377
67398
92364
24005
38502
55766
43055
79533
89729
80080
80280
55942
98324
4580
3532
13334
18158
73864
55473
85942
93882
41795
43630
16251
67595
89447
40724
60412
33984
2048
87826
54347
10265
92787
92362
87781
93611
88740
72533
94440
41819
96702
69768
80612
50564
33061
46534
17157
19536
2833
73839
11490
24567
15500
32974
26198
9813
27865
1200
3350
72135
71775
52797
7071
66139
10594
53001
67150
90576
45747
96339
57544
24010
67355
48753
91239
36025
69958
6508
42900
80448
21485
10861
64943
48741
31782
18945
39588
85267
62136
79463
17211
65789
63901
6797
58367
65451
67169
73136
67374
39717
42512
5721
15086
19842
3770
23252
30741
37897
93599
61695
4332
27430
6181
37225
98644
4989
92665
69465
37140
28404
9642
15875
414
89310
17224
87809
10827
82490
9522
91582
10963
44451
89662
24717
29352
60407
48187
86815
92458
96549
71024
81020
95636
56115
38261
89834
94238
49662
21514
96549
41103
64587
62686
60773
94641
3818
7856
37772
71866
84210
35524
62140
56491
17057
33723
86697
96350
53455
51929
57462
34669
62039
76052
33695
4254
44301
43564
81983
43048
49919
56221
88221
46156
84168
28542
218
85862
87111
46204
36000
50174
14476
66462
14085
68264
50462
60100
29633
31095
55986
44162
87889
78231
18335
60205
4013
262
37923
69947
50997
74883
6664
27101
81470
5490
91026
15536
58471
48297
22848
7742
74031
72524
72034
35394
19581
92788
29788
9641
94145
37559
76580
17669
44410
82381
38920
11760
55544
23761
397
15015
66938
90557
38553
23131
34692
73553
94847
6002
59262
23356
3340
96523
48368
23421
73765
9150
32872
21763
9581
14348
48516
58703
81759
47928
37251
82437
23890
92229
85995
51454
49848
78972
4404
84692
13721
92156
1234
3586
77472
96385
80715
81900
66612
54539
26369
8870
70492
91450
89518
80703
72903
29810
22248
92365
26654
38866
90104
25101
12545
97552
32303
90604
91602
90882
12029
38785
56933
16326
98215
61174
79877
72716
51557
8520
30432
66779
11159
30291
77969
81104
78512
70353
21008
56667
92541
38571
9748
9397
3829
38492
1157
79542
61754
39348
36448
40285
71074
77220
36542
4472
44356
51705
43880
67220
66433
94187
87998
29969
45806
51664
43918
79677
89607
87630
66221
15674
20531
23893
50189
89554
92486
29981
23188
24977
29503
58993
80016
17526
56804
33369
26988
28084
56602
62153
78109
68984
41812
88581
21759
55309
15990
73362
93852
7834
76890
86027
32722
85266
33645
39673
21440
80568
65881
91662
35530
34409
97527
129
29627
52773
197
91417
5553
38173
49829
91058
52352
1767
17867
79103
81753
49135
77344
68810
92525
55586
78574
95269
62809
55577
65488
79402
78983
44937
79070
4311
79802
51390
85004
99253
37433
80528
5288
52747
88376
8852
70560
60377
22530
37899
80291
56705
17962
55670
79257
45723
25168
84329
24371
75957
11265
48494
51321
61388
90810
60752
23430
90721
20600
10025
65030
35534
76130
1561
49905
65477
57025
46921
44152
78388
1103
17750
66640
75483
6159
28212
44869
26810
99755
61144
9948
6883
62891
4070
34305
99624
83122
25502
43023
48536
95358
41463
77799
64901
32688
20863
57320
21080
14960
23049
83191
38266
14020
46095
25144
34350
27764
19396
45906
7191
73737
71333
97933
2265
18755
70827
19701
93981
82835
48940
68677
92258
486
73541
69693
3274
30747
50611
99086
21140
27662
64100
6525
51023
75050
40068
40298
94920
70052
74690
4463
83583
12755
57100
13255
36921
42778
13845
56655
10857
15494
82247
56762
23651
74546
46905
68369
601
43044
85685
64291
7821
45667
12635
88715
63692
69762
24019
12590
44400
27667
79267
10406
62151
80148
87781
36027
10044
697
4601
11475
82922
12297
97071
11659
7298
25849
29674
86697
35738
50951
29799
38700
53176
71560
99443
22102
86462
402
10762
7215
55602
67936
1052
64452
70310
7185
1349
79042
58006
34082
58492
74436
77498
88420
92486
2457
43459
91776
91899
28511
64489
83628
16767
30461
11044
33078
76099
4319
51415
13135
70302
31129
10263
88656
36869
58242
90797
78346
81158
95910
25144
36665
22611
87033
2245
53692
67300
85687
68372
56593
94034
5651
34856
4252
79422
72720
54287
87784
93781
18710
46907
70175
5470
49426
39543
81141
10412
63442
60384
57076
68817
30775
33786
12607
80988
79769
46445
8134
27412
75300
84495
42190
20918
60950
90750
7074
77727
93287
45197
34423
89392
74209
49844
89563
26277
86689
96477
95894
28
56112
49473
3073
96766
51173
2325
4348
91862
27838
41130
44787
5270
64790
67418
75873
60834
97276
75444
320
2019
33131
3608
67479
4036
13158
43601
19497
25879
42597
15901
50506
26633
40314
35094
47978
10205
10432
45260
90555
58759
7063
18683
43436
31346
55657
41448
49888
57715
86904
18508
12663
14611
56105
80192
39919
90816
15056
68720
75527
24278
18242
8680
24202
36429
79533
40418
91063
36205
38138
24001
83916
34200
23139
91820
5816
6443
24614
31928
52678
79025
66432
16555
54975
4448
45554
9898
44903
85964
96313
58295
67266
80266
52682
50191
72227
33187
62909
47686
65036
56310
79013
77477
42922
65888
62942
46329
18834
38074
2955
13897
52808
42884
15479
47908
88563
12529
61807
37713
49226
2405
19498
33181
9644
62252
28131
96336
53387
7779
27373
49852
65434
27153
43039
25690
5791
87601
94742
88226
69599
29716
94699
81693
65903
59233
11087
50494
77164
23441
52292
15322
11433
58657
35589
59077
81761
78695
69520
54140
93313
56094
78877
38484
23035
45175
71465
98667
38545
34688
63969
92182
63648
60945
77861
19
19675
63701
91001
35337
19362
62776
61895
58158
23230
25734
23377
77509
58170
90650
21857
55974
60653
71121
55548
74535
89782
33716
26808
22679
46971
94049
30655
22650
2097
67772
45146
82229
31935
89324
87969
54
5301
85982
96835
24923
42651
18652
51236
42644
97928
65256
3586
7461
94424
33238
19345
43848
12442
40393
87156
52308
83244
58776
14256
13914
16078
27204
54279
62408
16933
71766
81458
89493
52150
56447
65002
27998
65886
11654
14709
26485
21126
83964
23664
30176
27937
3330
34360
29468
90072
77189
65993
22400
61357
32234
45402
52311
48132
69780
9018
69728
23628
8489
47720
66730
3473
17862
67558
31898
91467
44291
17147
5578
51788
23944
18407
45225
35930
21697
41817
47369
61826
78866
46016
47783
51799
70153
66047
82362
74603
83401
31300
62045
26790
86543
8021
50743
72007
40117
11135
67766
37502
32113
33828
49657
42905
16370
15737
29759
43929
47160
54027
19107
90366
66989
88109
73942
73270
13235
40682
76542
46732
80763
51831
80846
19785
72934
55512
50715
72108
85249
78889
99719
98372
63352
66127
68859
41570
79114
50951
11482
77156
84062
98924
64625
47941
20409
70886
32805
27183
90232
33711
32126
31704
2892
70388
1411
87339
18429
5635
88131
53998
79643
12432
39398
87704
1866
87060
5483
38727
51070
18305
86355
49660
60797
14758
29956
40380
49361
633
61016
59752
98427
67618
6370
50534
38182
73156
55262
9750
76229
13967
88629
92129
78394
94277
44071
20442
16026
32487
603
40117
20713
88083
13394
21518
75225
61916
58611
62584
61561
36871
37350
90836
92110
62413
16210
76462
43916
90346
78640
18366
50346
74949
937
39138
39528
51032
64659
34387
35380
1092
55832
56264
61826
33047
12385
38051
26956
19842
92970
69606
40196
46717
74818
84371
33754
58535
91287
13927
73733
6115
54702
21943
51775
45110
25187
84974
66562
15359
79994
30248
98956
85716
97611
7406
192
63054
2632
95183
65831
63407
71353
86729
86185
13842
59819
85274
69331
91647
38122
97295
53249
4542
71511
14224
42090
6287
69835
6068
60452
68836
32353
83716
5773
74902
57383
45381
45612
24904
29014
24821
62311
21175
17059
86657
74620
88741
7815
17586
70167
3309
34307
80437
86768
59182
74949
33945
48476
62852
39381
7758
72348
22129
42477
78838
15687
99184
15640
37076
53528
15684
61866
67949
55345
16192
85911
34365
6518
497
87829
88358
78783
51379
47737
72157
75553
14809
52277
35685
11703
12773
896
87170
83013
35534
79470
52367
91617
1003
8164
6103
26578
57753
84141
53606
38745
26314
11600
63964
59655
16875
61067
42612
66187
78955
683
94919
64116
99941
71962
45208
88521
35247
93973
27712
97033
71007
90106
91671
5447
7747
99195
62175
776
31764
12449
4467
6438
787
67682
70340
65481
65643
22262
51264
58636
95067
30356
14376
37635
12018
99304
97370
29151
76546
79455
24063
8725
15918
43923
31704
42257
42920
37907
51815
9350
97807
14486
96607
42749
9343
60884
4752
88964
37960
49047
92322
26984
18908
11012
55084
88561
88785
9237
97378
21324
84633
85389
55430
1329
84423
50274
34759
29885
22017
64909
16278
81790
253
23624
90968
54884
56700
32782
66213
82520
60196
10125
88431
81167
6559
21667
17527
72669
20630
95011
87709
56139
1487
1546
48391
40266
37886
22658
91121
91314
76924
47587
18442
9884
19145
53368
77423
29006
58450
10695
59447
74292
91248
76174
69195
16550
7491
4978
96577
94661
23179
59759
26721
73737
80490
74817
43695
15294
50358
24934
87799
43994
33142
88625
93993
96892
53074
4109
75511
27938
50363
42501
37084
373
37022
99422
81758
67790
86402
73599
72518
47788
98245
2809
73018
92922
75182
71002
45869
97473
71222
64669
55027
32043
72976
54331
38656
50541
7957
1149
27652
71214
42601
75787
72703
33285
93172
90679
73079
31840
80562
39946
53567
70545
6267
88538
81940
33691
85382
80321
12934
82880
93751
68728
26121
93586
14417
48196
94126
70490
77150
99014
49583
75347
1808
473
36527
21732
28753
51341
21679
18845
81095
45053
6639
70474
27936
41712
84643
76607
26359
90922
23970
30312
94390
59227
25332
56353
29584
17340
56932
58261
42497
75156
28618
86240
74884
71703
2692
88103
73722
50774
20375
66861
87962
64993
33159
49729
18719
69136
35675
53878
76870
52322
63362
26624
93972
54817
87744
9022
54685
72233
48166
77553
50653
64312
17202
20721
95547
67314
18213
51618
10016
93234
94972
10134
99207
71198
14979
79522
9981
21097
21941
82475
98663
68815
75892
80879
77846
11335
4169
86105
31702
38858
20799
44698
18295
44329
38456
50294
21001
91750
49891
78439
55736
82750
18814
46369
17740
68944
14259
4387
90418
95225
41645
7676
27156
5047
6778
40695
76237
16791
99583
8953
40975
56755
51258
24004
20649
91085
87369
25871
29939
370
4174
46906
92232
50672
96749
17007
71458
26877
39198
31480
6637
37146
55685
97208
11906
54388
38082
25533
66589
76985
67122
9922
82379
67565
2494
94592
78258
54021
65057
49767
77434
52418
24077
33661
13537
32154
65967
63282
57066
3560
72091
48470
62106
28040
69368
48488
76054
658
3083
71143
51778
32696
72354
47727
1825
83471
58359
84639
64669
64382
87186
59860
61492
71041
2480
54194
64369
89491
57593
73108
2293
11572
12754
1975
52338
42504
28705
37720
64007
58685
16171
18961
46846
34376
11148
28371
7051
29004
1921
12041
68801
62996
62866
90726
36525
88061
12002
73547
76885
59368
36850
9384
94852
39404
4032
39387
64702
22680
15860
54682
89994
24990
79322
50660
21315
97064
27089
38369
50434
15369
11537
62794
88870
74587
97614
85454
58475
57956
80670
39239
6900
90069
50619
5222
37749
3224
42603
79683
51680
98876
13501
95717
16623
64141
82580
36671
69864
1214
93672
17602
25705
23159
90961
1714
34950
18425
35263
41617
9126
4207
56732
56932
21479
6280
28758
4953
90504
86522
96508
9376
15972
758
25940
76158
78528
28282
31026
25758
24792
43735
37160
65283
79295
44691
7727
80840
74878
61512
68511
99572
41508
25524
86896
99608
8095
67708
76318
61334
47516
56772
81351
22447
88885
79591
3384
69264
70113
34648
43230
12432
40964
79791
70698
64452
86698
54679
48510
18362
18409
54076
30420
89223
77495
6615
52905
724
22221
74119
61802
7746
90953
27992
27501
31527
74772
46826
85789
54114
96272
24694
1251
5622
68647
13676
17408
50797
15323
97763
76730
40175
90353
8475
91849
98196
22042
43357
77285
13919
50928
2155
33675
12190
88544
41826
19533
9313
89692
64563
45330
46077
63988
85941
85283
4622
25604
47506
95036
63575
31009
90394
60957
74338
75488
77415
93724
16031
91323
69366
73709
99047
65351
63240
14649
88435
66826
1954
76475
1978
93810
37656
67538
45598
43392
84723
19080
38546
51453
25880
28814
7318
38144
88650
61853
46327
11573
82396
57519
7387
41322
10407
48547
13440
58260
68102
80411
7830
23982
9633
73756
77686
8319
9608
7449
46290
29333
34360
52836
38404
32383
67145
50273
12655
33987
19541
35606
640
1490
5657
82101
49576
48118
43821
19461
12159
79034
66185
66924
93296
62354
6860
86913
61632
47818
93297
57043
11670
61617
25327
68096
49301
16092
11278
62664
58968
43332
30298
87378
69305
18757
17395
56164
15703
11222
25966
58341
82230
31110
79885
4102
57953
83140
50135
93289
98823
28181
18117
83740
74286
76254
47477
89535
51646
47946
38662
382
14579
27234
35497
9981
58656
85319
66884
29082
52285
21605
58853
53365
78567
63081
46963
57359
65995
83072
85089
45378
7719
38476
16232
58867
27331
14903
69472
10621
84824
86769
87923
46412
48142
79733
10934
70249
95888
85755
89570
17014
54801
53630
67137
82169
42424
69162
89335
87576
76648
33410
66288
21358
93658
22480
25056
85304
5857
1358
80069
99206
10449
15356
4820
61943
19586
36620
61880
99026
37890
316
65731
20527
72606
86099
48043
26495
43492
51342
28600
1066
29448
86192
78193
92394
37192
32461
24561
28311
61691
23620
28295
83637
61088
89441
75996
55234
7286
24127
11034
99248
51783
31068
42789
61602
13798
69182
71521
56077
65657
27194
12650
77973
90569
32825
69218
77842
96191
54120
74848
74790
57287
32195
61123
32311
21895
1593
33104
94214
97761
96770
44798
81591
51311
4927
64460
26370
63552
55946
17717
79039
77173
72261
74334
13331
45159
93140
96161
41391
60550
67835
23310
21851
79303
60006
7717
98484
15656
99197
42740
56332
98149
35103
58653
63152
65988
51015
8567
65014
3926
94867
40743
68654
49810
87243
51613
87184
63908
69828
33907
48492
39988
27884
73648
84219
90134
43958
64356
7508
27978
57778
86809
67012
99859
36761
47089
25903
37285
66311
21900
95064
42274
71727
10320
55953
92143
69358
90863
17347
99449
75228
22205
7622
64514
92734
28708
50845
18065
15491
37220
32209
28206
16010
47150
30999
94115
42670
33700
29440
18712
79430
87059
41845
51585
91417
25880
25238
51653
79071
57569
8176
91185
23374
47215
3595
11935
94691
86684
83749
57097
82962
61650
12051
23102
20952
13985
12828
76434
46345
4823
44600
64814
92366
36747
86562
60775
35988
80497
1211
81452
83079
99144
20717
14638
33740
72329
37691
36929
74041
60283
53277
36267
4278
55454
86663
41969
1993
78712
17488
55571
13592
84352
46621
90070
36093
50042
69063
83657
85768
20272
33579
50957
9515
19344
22010
9909
44565
19777
33610
74528
53300
29988
99572
26893
30044
23932
63802
38673
9792
79967
77181
67123
53176
49534
88284
21109
33120
4839
18813
61576
88827
79880
61905
74187
9093
69607
41314
66699
5380
84210
34250
95751
59796
79682
72002
56128
2387
52379
58791
707
20535
8748
95230
64881
70675
77879
1249
9985
60401
80720
35089
39189
77225
13618
56823
77062
92952
99029
86826
76642
38686
55285
70331
12103
4864
76508
51017
83020
13580
65310
23193
83741
75785
28724
16547
39836
64118
45447
90454
96944
45932
59979
96040
76017
39962
11528
80107
27250
33423
78788
65722
5586
63660
10004
33076
73423
18930
74979
68655
12160
53079
26601
6210
11958
65318
16936
91225
40849
57342
47704
9513
71577
69690
81424
32230
96026
87245
21608
45058
5770
49978
153
5185
75003
19495
15894
46897
80516
98853
68079
45402
86912
49794
33216
87832
36182
70946
64326
34424
66354
15792
63783
64450
68763
1496
98869
28062
84927
35632
46687
60029
32112
41781
83716
57200
12356
90225
20766
71560
33601
47912
70204
87726
68804
91900
4964
98960
52187
87569
50030
69342
67119
45335
24477
93625
40695
91979
88938
65508
70828
75795
42356
70343
47979
98979
15284
96210
42423
60807
7836
3936
30660
99774
61845
69596
89889
19246
47362
48346
1681
45995
32739
20951
92794
71570
6447
46629
49121
33250
51485
60073
19927
32977
21655
1387
16794
51351
89882
61207
84644
15001
42646
30253
87253
35855
26506
1233
88843
41714
90359
24456
66166
11156
86601
14084
61446
58692
70087
73656
26071
92464
50782
26366
15728
15539
83502
58607
21838
62954
65431
41171
59285
7455
15356
10435
1340
53060
83542
82640
16240
82797
65498
95462
93120
63601
18474
44617
50655
15065
29887
76200
99132
30779
36667
4430
43972
73133
43714
35324
36910
58369
55699
36252
14436
62674
23544
99423
94479
2370
98895
77980
48541
90714
81341
75673
14466
36399
46438
1113
46905
82857
40805
23718
56695
4808
19579
47573
55092
5480
14008
16999
90451
83736
86666
11759
18991
90291
5010
68247
52831
38001
65797
92242
22372
1053
95622
94550
87335
33121
94230
88907
96366
37138
14932
89564
87507
14897
32796
57828
2933
57012
60206
81593
66682
23937
85972
28431
93630
93668
91688
53877
9890
73679
32546
24644
51682
99958
25312
79335
56304
30927
89765
16052
95336
68826
51771
60763
10920
68336
9749
22054
84820
20582
11950
94547
23576
17053
24198
47300
2055
22863
35283
86828
23840
94857
77673
94562
56225
74611
99127
5601
51880
35628
63402
76816
70998
1330
47440
48913
11599
11947
78430
58823
84319
38992
74391
1924
86149
93162
25107
7198
98388
33963
74892
44848
2148
17674
95110
62862
32625
49660
2193
4583
16233
89430
60528
86872
12061
50812
60240
85819
99439
22175
20925
12593
30454
18024
74648
39356
19787
37235
92746
25359
69142
89121
70640
56908
42507
39471
79179
66457
46708
40742
24212
71742
49364
62767
72901
52365
2356
19033
91885
83138
67265
35775
70898
80672
71174
57317
89623
52965
57534
68911
21787
77078
40283
38593
21057
91551
58218
99665
77956
32733
75217
24253
95447
4800
97721
25883
94678
74780
67194
4056
69892
24332
36599
17735
79702
90594
87801
57000
81217
17958
95472
61070
22904
60474
98842
57965
73469
62142
20220
38775
82159
67479
67362
90344
21119
72114
86588
86039
60378
21625
70085
71197
35291
17178
23613
84439
71192
80659
4675
49865
39657
12587
28427
12610
59144
81703
59266
15426
61857
24452
70246
63393
24285
41067
58643
39644
95243
73399
62910
84996
50840
39223
49283
76336
37864
74333
79688
82055
20433
27165
99826
59286
43486
44774
41953
55917
15225
94651
50458
52479
78338
17043
18014
54546
85584
40457
30665
66817
64457
33197
45933
32902
99742
53770
4673
12379
91342
58392
30773
4228
88753
52153
22415
96987
67301
32626
94169
12088
19125
79923
59801
84328
29440
79096
41048
34659
72796
96207
12312
78438
17345
21140
8531
95757
28741
49171
4917
76547
39905
8089
79563
35880
20897
46934
88777
46803
20484
34414
38340
23416
93384
20779
97877
28072
45407
79678
80255
67598
53044
5107
58812
94178
67025
38991
29348
78246
848
77634
12490
16184
46251
97518
78171
744
58471
24878
61674
30698
65732
17142
92203
73536
60187
27256
19812
85918
46756
9909
2615
42412
61746
94807
38737
3185
38062
94542
59655
37245
22874
34538
1475
80419
24636
40122
32092
49138
36052
32904
40749
40835
5174
49910
72388
24322
56520
93435
42657
27643
1934
48332
73174
57452
12671
14329
56314
78344
70575
84005
36898
31357
57087
97752
66861
38243
35472
35558
73558
87747
19448
628
99228
59472
59678
87120
81495
49344
65352
39146
99350
26552
17135
59492
90803
57760
75946
14437
86913
23706
71094
62470
33898
83232
84803
42849
95047
81010
25559
90556
18927
5771
45039
61128
81443
48401
83473
71328
50394
28573
22085
29725
20438
9667
50772
93369
42357
16820
71621
60000
82489
63259
29854
97710
71943
39550
85461
2701
69185
22376
89822
76802
23221
12461
64297
18800
22344
13999
26735
30360
29960
97795
53107
29674
26820
74737
3866
16456
63141
37408
29528
97777
27268
60847
80241
25943
8282
59763
28038
65723
73469
88777
37929
33953
99273
34930
7376
22091
93969
72974
50135
65422
2863
86651
17024
6126
99325
22797
52611
70620
82957
74490
19628
30263
16237
76832
47349
66380
41305
71957
38575
46188
19408
73108
45289
82259
83250
54710
84143
2843
95941
79954
49154
55215
5051
11077
58195
72470
94868
21280
5099
16389
22569
55637
97239
16679
52194
12590
27873
19465
89438
29293
94693
63047
21356
8264
42210
5907
15350
6831
26167
59560
49527
32873
68844
3273
24611
3106
44953
32781
62368
21939
36089
38706
72055
21114
531
3311
87396
96061
98897
55073
26401
66382
14413
13578
4468
30581
13717
45152
39746
19655
43228
30085
81806
14204
22021
84168
16777
61818
99423
52683
82699
92369
36172
78246
97639
74373
72217
64763
51339
10648
5021
28356
59790
18485
94692
36956
78102
60538
95584
65334
48687
61905
46556
36403
51434
57835
91728
40071
91209
88565
97081
18051
9300
59962
4704
85247
71967
76244
64548
4278
46189
83211
86216
25572
91750
21679
14734
25254
84973
62567
44640
58756
67461
90206
28002
6217
61619
74598
23708
44267
83402
37763
9247
58139
81497
93589
68394
38912
84088
97899
8080
70046
10982
49172
2334
19214
53396
4703
69985
91783
99095
49286
34784
58558
70079
3288
11039
72561
38531
46463
77361
29001
95403
3838
63226
53792
14731
12643
50890
63240
85930
94163
58586
37352
23802
34020
71737
96792
36339
35204
94072
730
93491
54502
96105
10141
77768
65183
70518
97723
1204
96097
98239
41643
49218
84002
13357
28377
94223
97061
43395
87204
9438
26575
35830
80154
21067
3701
33991
55659
49132
43712
71882
4205
57031
78563
33342
49084
33650
13312
22144
12723
39352
42310
54820
70946
11828
99103
57157
38172
84451
20024
68470
59839
4164
52056
15487
70157
75850
66254
35810
41825
81129
11422
74355
3162
30070
70305
61740
7471
44164
43126
31585
59306
54533
92892
24568
6488
51928
14274
94826
9954
96938
82577
95833
12138
80353
30037
45220
90763
23815
85890
61469
89744
91878
57866
82673
37047
23468
89318
61939
62921
67253
20673
54262
52278
98328
18684
2274
56384
33913
85650
55930
23854
26715
94523
66229
96473
50154
12887
88252
10123
41973
97398
14202
38265
29006
70076
2735
35669
49551
50178
66832
24438
97813
81440
96460
40125
45273
80269
98530
82125
62738
94024
69597
17866
6681
42861
44315
71045
18150
55018
98291
60937
36871
45645
30697
86548
61500
72752
75820
61286
10200
65458
47632
78391
60988
1197
85919
21199
84688
8720
72272
4799
59600
7765
57860
44399
90763
1084
7902
22407
67771
35983
54025
93024
5815
1834
1628
18336
96184
98818
70666
27217
45380
35299
48914
43046
78075
82714
45368
90030
51254
14749
82715
411
2377
41780
15790
61925
12040
55416
43366
62911
60533
3030
68257
81136
35840
40218
51568
93578
84926
39930
5398
54808
67536
24835
40755
32168
88279
30708
38212
85935
52764
51200
59509
61304
14868
85968
22205
44069
13492
74186
73738
23874
48993
99005
58459
1847
836
6285
77594
21647
71069
36225
19771
40771
95612
61515
35021
42298
15751
49606
39269
31073
59510
73139
13967
39657
66213
90945
91692
82762
37768
38208
53168
99476
75403
64175
52734
79696
57635
83032
65611
31109
63000
45167
11150
33807
68171
63265
3683
47710
48587
83524
49508
53673
73412
39744
18666
57891
7189
2616
72722
46628
95412
77012
94238
64518
88294
28299
93345
80355
85674
15573
41603
81619
66225
84995
13475
61640
51269
62547
68986
6450
62078
856
52407
15793
65308
23096
82716
19649
39538
18151
78528
70947
82663
16973
3770
62212
11228
9189
41234
87377
67614
30449
96200
82565
63187
90900
65479
29770
30238
36180
60629
23707
66127
59232
15125
45253
49007
63073
67957
93873
73581
99206
73979
9712
94544
43081
85514
76189
42272
41214
12254
25205
99911
33150
87536
57978
83757
33442
11267
97292
4339
82348
73107
93998
43165
65438
76425
70297
18130
47118
73434
44941
64160
66132
33828
92720
73238
88803
38081
83765
75334
77355
29225
68245
98424
25318
55936
13976
18328
41235
68142
86041
20911
11766
51783
98585
39275
63758
584
6430
93306
99607
7596
88144
56681
11106
94076
16461
80020
44422
10698
51432
47180
49743
96002
47528
87523
18132
85927
47632
16112
54591
24345
83498
71988
63774
41913
58351
28350
54210
11999
28257
56642
54409
97110
19944
98823
87953
86132
20913
44437
3109
39835
10474
86022
27457
11709
56015
10700
76738
31249
13551
51882
73980
35734
49754
69514
73054
28346
11500
80106
14784
93728
15098
75657
19552
1005
65050
24150
44153
70422
16931
67487
56549
79451
3652
43574
63938
70945
14640
34925
99653
29560
67269
55541
71254
82203
89434
56579
90967
34316
84624
74963
17525
13721
75903
13727
76047
59114
954
23085
12071
88302
35336
63033
21775
30996
85488
13677
72895
11472
1171
23148
87146
26465
75322
16337
59146
86917
45489
14707
81763
23163
51790
54611
96552
2767
44373
86194
16945
34845
58108
74871
4279
30127
52485
48941
64072
86407
79495
69783
45036
16439
57609
38452
43686
49513
17924
77834
27903
56728
13966
21234
14693
24756
21675
36863
43361
2124
73618
77087
7842
18890
99728
97229
88485
45956
33851
8730
62274
67600
17167
46418
41958
83243
79161
23491
44995
79860
20645
13419
63357
71647
76353
15934
91354
26515
51765
22545
19234
56007
95863
61593
23068
64387
43614
88212
44312
65468
80896
78793
53905
87288
89397
95094
41276
30247
67605
70266
37272
98213
22144
76261
85672
61544
4008
79550
2362
76235
60825
56540
42810
93897
69160
90009
19110
74679
21879
10176
44006
