1123
407
519
790
567
839
377
863
251
460
650
250
972
396
974
85
818
432
545
535
985
26
179
732
690
216
247
862
708
140
121
435
502
761
459
853
718
306
685
417
746
14
797
93
690
716
727
535
407
404
175
244
306
816
788
823
273
448
927
707
531
209
261
649
585
443
704
78
16
338
419
379
331
866
775
451
136
941
141
902
413
299
989
60
395
983
678
98
391
89
737
903
293
911
144
907
435
636
697
864
586
272
167
223
853
75
760
351
505
77
79
264
70
239
990
226
70
878
409
1
590
38
417
221
917
719
769
537
560
340
447
133
847
383
308
509
816
533
958
306
711
222
194
15
974
133
588
968
922
591
194
461
243
86
825
624
157
134
646
603
449
976
997
500
183
969
595
952
501
637
282
285
94
520
636
452
487
612
744
666
889
769
37
737
550
663
525
290
390
316
345
296
279
589
401
506
164
791
931
419
807
68
105
128
235
228
28
723
342
250
742
346
268
843
927
1
993
23
11
687
915
88
231
504
322
418
784
480
290
122
700
261
993
672
25
844
780
526
543
874
860
298
35
145
739
678
72
410
521
933
607
984
279
204
475
605
776
612
146
410
960
373
296
417
759
219
407
584
38
677
397
280
639
640
369
198
805
464
253
375
64
471
553
5
539
341
926
828
855
699
175
191
873
485
677
535
580
858
578
984
352
923
704
151
222
950
542
677
1
781
946
126
537
504
873
573
953
310
340
249
220
831
565
497
139
302
34
918
218
161
999
178
280
941
191
952
517
376
555
856
374
49
166
416
107
595
505
584
787
582
105
533
668
862
52
850
166
911
190
285
851
323
119
359
319
499
321
567
996
133
539
379
868
352
237
586
717
113
422
752
892
92
6
475
274
894
490
376
980
123
818
743
967
177
619
147
319
636
419
596
318
626
110
129
553
82
748
115
410
584
175
404
1
886
51
18
582
280
52
326
595
986
831
823
607
732
787
146
968
97
455
136
827
953
699
44
320
882
458
898
3
547
46
1
602
222
162
935
3
227
42
228
676
808
251
269
314
274
168
746
748
363
918
723
993
373
259
572
809
974
725
613
697
131
294
457
828
973
121
262
935
932
931
412
276
7
244
957
146
858
265
560
157
374
422
16
500
895
458
798
939
715
769
35
260
488
651
133
335
704
657
247
543
855
30
330
955
556
569
502
193
615
430
647
532
562
42
489
135
216
201
812
742
375
472
594
23
528
433
957
870
949
822
164
319
702
512
606
861
519
139
30
913
992
431
432
913
789
635
271
407
357
563
475
608
31
278
825
680
471
994
609
179
776
824
307
330
479
315
75
856
720
614
401
504
144
514
251
890
393
672
685
660
688
354
349
848
987
913
480
879
277
142
250
141
109
805
416
71
41
458
223
646
388
592
25
590
643
858
949
879
493
436
361
857
191
595
476
851
197
508
618
43
988
731
699
686
545
152
309
578
955
671
372
917
577
16
223
588
940
505
121
454
925
441
520
841
260
712
913
995
459
359
738
598
491
248
336
389
220
578
525
380
328
953
319
791
900
5
634
314
132
457
689
492
374
485
668
890
676
365
707
380
184
536
727
531
101
561
662
44
497
943
143
56
646
673
471
533
253
60
880
945
719
470
488
526
364
626
549
123
966
869
762
671
434
148
892
112
624
648
374
426
440
335
13
41
392
108
221
797
205
577
460
298
623
887
457
184
716
856
301
433
187
382
14
381
865
936
470
834
116
913
659
569
844
907
102
461
451
550
425
746
976
832
256
570
513
595
874
350
129
984
797
774
787
162
973
898
286
964
337
921
789
943
373
45
945
412
190
770
656
600
547
394
462
387
795
651
998
746
95
152
864
861
317
491
120
817
474
164
962
776
217
232
745
42
373
811
490
967
436
865
760
135
368
177
463
159
402
805
312
766
386
44
101
914
345
72
659
806
201
611
65
333
246
186
447
450
176
824
226
515
694
725
570
154
947
291
178
309
605
697
325
891
82
595
618
825
362
472
465
938
576
548
610
689
479
186
240
801
11
793
170
316
251
940
588
851
268
688
507
631
693
770
618
428
816
406
188
747
37
967
834
848
596
703
620
969
494
949
244
2
331
414
530
782
186
948
19
408
883
372
28
336
95
489
719
972
649
19
614
71
698
984
92
849
860
482
94
579
467
214
796
752
91
378
8
313
445
893
555
36
175
742
138
879
503
687
740
479
770
222
890
520
360
15
889
17
49
748
802
313
483
158
80
282
705
658
730
80
796
888
173
3
943
990
535
328
600
673
